1261228749.9276
1261228749.9526
1261228749.9786
1261228750.0036
1261228750.0286
1261228750.0536
1261228750.0786
1261228750.1036
1261228750.1286
1261228750.1536
1261228750.1786
1261228750.2036
1261228750.2286
1261228750.2536
1261228750.2796
1261228750.3046
1261228750.3296
1261228750.3546
1261228750.3796
1261228750.4046
1261228750.4296
1261228750.4546
1261228750.4796
1261228750.5046
1261228750.5296
1261228750.5546
1261228750.5806
1261228750.6056
1261228750.6306
1261228750.6556
1261228750.6806
1261228750.7056
1261228750.7306
1261228750.7556
1261228750.7806
1261228750.8056
1261228750.8306
1261228750.8556
1261228750.8816
1261228750.9066
1261228750.9316
1261228750.9566
1261228750.9815
1261228751.0065
1261228751.0315
1261228751.0565
1261228751.0815
1261228751.1065
1261228751.1315
1261228751.1565
1261228751.1825
1261228751.2075
1261228751.2325
1261228751.2575
1261228751.2825
1261228751.3075
1261228751.3325
1261228751.3575
1261228751.3825
1261228751.4075
1261228751.4325
1261228751.4575
1261228751.4835
1261228751.5085
1261228751.5335
1261228751.5585
1261228751.5835
1261228751.6085
1261228751.6335
1261228751.6585
1261228751.6835
1261228751.7085
1261228751.7335
1261228751.7585
1261228751.7835
1261228751.8095
1261228751.8345
1261228751.8595
1261228751.8845
1261228751.9095
1261228751.9345
1261228751.9595
1261228751.9845
1261228752.0095
1261228752.0345
1261228752.0595
1261228752.0845
1261228752.1105
1261228752.1355
1261228752.1605
1261228752.1854
1261228752.2104
1261228752.2354
1261228752.2604
1261228752.2854
1261228752.3104
1261228752.3354
1261228752.3604
1261228752.3854
1261228752.4114
1261228752.4364
1261228752.4614
1261228752.4864
1261228752.5114
1261228752.5364
1261228752.5614
1261228752.5864
1261228752.6114
1261228752.6364
1261228752.6614
1261228752.6864
1261228752.7124
1261228752.7374
1261228752.7624
1261228752.7874
1261228752.8124
1261228752.8374
1261228752.8624
1261228752.8874
1261228752.9124
1261228752.9374
1261228752.9624
1261228752.9874
1261228753.0124
1261228753.0384
1261228753.0634
1261228753.0884
1261228753.1134
1261228753.1384
1261228753.1634
1261228753.1884
1261228753.2134
1261228753.2384
1261228753.2634
1261228753.2884
1261228753.3144
1261228753.3394
1261228753.3644
1261228753.3893
1261228753.4143
1261228753.4393
1261228753.4643
1261228753.4893
1261228753.5143
1261228753.5393
1261228753.5643
1261228753.5893
1261228753.6153
1261228753.6403
1261228753.6653
1261228753.6903
1261228753.7153
1261228753.7403
1261228753.7653
1261228753.7903
1261228753.8153
1261228753.8403
1261228753.8653
1261228753.8903
1261228753.9153
1261228753.9413
1261228753.9663
1261228753.9913
1261228754.0163
1261228754.0413
1261228754.0663
1261228754.0913
1261228754.1163
1261228754.1413
1261228754.1663
1261228754.1923
1261228754.2173
1261228754.2423
1261228754.2673
1261228754.2923
1261228754.3173
1261228754.3423
1261228754.3673
1261228754.3923
1261228754.4173
1261228754.4423
1261228754.4673
1261228754.4923
1261228754.5183
1261228754.5433
1261228754.5683
1261228754.5932
1261228754.6182
1261228754.6432
1261228754.6682
1261228754.6932
1261228754.7182
1261228754.7432
1261228754.7682
1261228754.7932
1261228754.8192
1261228754.8442
1261228754.8692
1261228754.8942
1261228754.9192
1261228754.9442
1261228754.9692
1261228754.9942
1261228755.0192
1261228755.0442
1261228755.0692
1261228755.0942
1261228755.1202
1261228755.1452
1261228755.1702
1261228755.1952
1261228755.2202
1261228755.2452
1261228755.2702
1261228755.2952
1261228755.3202
1261228755.3452
1261228755.3702
1261228755.3952
1261228755.4212
1261228755.4462
1261228755.4712
1261228755.4962
1261228755.5212
1261228755.5462
1261228755.5712
1261228755.5962
1261228755.6212
1261228755.6462
1261228755.6712
1261228755.6962
1261228755.7222
1261228755.7472
1261228755.7722
1261228755.7971
1261228755.8221
1261228755.8471
1261228755.8721
1261228755.8971
1261228755.9221
1261228755.9471
1261228755.9721
1261228755.9971
1261228756.0231
1261228756.0481
1261228756.0731
1261228756.0981
1261228756.1231
1261228756.1481
1261228756.1731
1261228756.1981
1261228756.2231
1261228756.2481
1261228756.2731
1261228756.2981
1261228756.3241
1261228756.3491
1261228756.3741
1261228756.3991
1261228756.4241
1261228756.4491
1261228756.4741
1261228756.4991
1261228756.5241
1261228756.5491
1261228756.5741
1261228756.5991
1261228756.6251
1261228756.6501
1261228756.6751
1261228756.7001
1261228756.7251
1261228756.7501
1261228756.7751
1261228756.8001
1261228756.8251
1261228756.8501
1261228756.8751
1261228756.9001
1261228756.9251
1261228756.9511
1261228756.9760
1261228757.0010
1261228757.0260
1261228757.0510
1261228757.0760
1261228757.1010
1261228757.1260
1261228757.1510
1261228757.1760
1261228757.2010
1261228757.2270
1261228757.2520
1261228757.2770
1261228757.3020
1261228757.3270
1261228757.3520
1261228757.3770
1261228757.4020
1261228757.4270
1261228757.4520
1261228757.4770
1261228757.5020
1261228757.5270
1261228757.5530
1261228757.5780
1261228757.6030
1261228757.6280
1261228757.6530
1261228757.6780
1261228757.7030
1261228757.7280
1261228757.7530
1261228757.7780
1261228757.8030
1261228757.8290
1261228757.8540
1261228757.8790
1261228757.9040
1261228757.9290
1261228757.9540
1261228757.9790
1261228758.0040
1261228758.0290
1261228758.0540
1261228758.0790
1261228758.1040
1261228758.1300
1261228758.1550
1261228758.1799
1261228758.2049
1261228758.2299
1261228758.2549
1261228758.2799
1261228758.3049
1261228758.3299
1261228758.3549
1261228758.3799
1261228758.4049
1261228758.4309
1261228758.4559
1261228758.4809
1261228758.5059
1261228758.5309
1261228758.5559
1261228758.5809
1261228758.6309
1261228758.6559
1261228758.6809
1261228758.7059
1261228758.7569
1261228758.7819
1261228758.8069
1261228758.8319
1261228758.8569
1261228758.8819
1261228758.9069
1261228758.9319
1261228758.9569
1261228758.9819
1261228759.0069
1261228759.0329
1261228759.0579
1261228759.0829
1261228759.1079
1261228759.1329
1261228759.1579
1261228759.1829
1261228759.2079
1261228759.2329
1261228759.2579
1261228759.2829
1261228759.3079
1261228759.3339
1261228759.3589
1261228759.3838
1261228759.4088
1261228759.4338
1261228759.4588
1261228759.4838
1261228759.5088
1261228759.5338
1261228759.5588
1261228759.5838
1261228759.6088
1261228759.6348
1261228759.6598
1261228759.6848
1261228759.7098
1261228759.7348
1261228759.7598
1261228759.7848
1261228759.8098
1261228759.8348
1261228759.8598
1261228759.8848
1261228759.9098
1261228759.9348
1261228759.9608
1261228759.9858
1261228760.0108
1261228760.0358
1261228760.0608
1261228760.0858
1261228760.1108
1261228760.1358
1261228760.1608
1261228760.1858
1261228760.2108
1261228760.2368
1261228760.2618
1261228760.2868
1261228760.3118
1261228760.3368
1261228760.3618
1261228760.3868
1261228760.4118
1261228760.4368
1261228760.4618
1261228760.4868
1261228760.5118
1261228760.5378
1261228760.5628
1261228760.5877
1261228760.6127
1261228760.6377
1261228760.6627
1261228760.6877
1261228760.7127
1261228760.7377
1261228760.7627
1261228760.7877
1261228760.8127
1261228760.8387
1261228760.8637
1261228760.8887
1261228760.9137
1261228760.9387
1261228760.9637
1261228760.9887
1261228761.0137
1261228761.0387
1261228761.0637
1261228761.0887
1261228761.1137
1261228761.1397
1261228761.1647
1261228761.1897
1261228761.2147
1261228761.2397
1261228761.2647
1261228761.2897
1261228761.3147
1261228761.3397
1261228761.3647
1261228761.3897
1261228761.4147
1261228761.4407
1261228761.4657
1261228761.4907
1261228761.5157
1261228761.5407
1261228761.5657
1261228761.5907
1261228761.6157
1261228761.6407
1261228761.6657
1261228761.6907
1261228761.7157
1261228761.7417
1261228761.7667
1261228761.7916
1261228761.8166
1261228761.8416
1261228761.8666
1261228761.8916
1261228761.9166
1261228761.9416
1261228761.9666
1261228761.9916
1261228762.0676
1261228762.0926
1261228762.1176
1261228762.1426
1261228762.1676
1261228762.1926
1261228762.2176
1261228762.2426
1261228762.2676
1261228762.2926
1261228762.3176
1261228762.3426
1261228762.3686
1261228762.3936
1261228762.4186
1261228762.4436
1261228762.4686
1261228762.4936
1261228762.5186
1261228762.5436
1261228762.5686
1261228762.5936
1261228762.6186
1261228762.6436
1261228762.6696
1261228762.6946
1261228762.7196
1261228762.7446
1261228762.7696
1261228762.7946
1261228762.8196
1261228762.8446
1261228762.8696
1261228762.8946
1261228762.9196
1261228762.9446
1261228762.9706
1261228762.9955
1261228763.0205
1261228763.0455
1261228763.0705
1261228763.0955
1261228763.1205
1261228763.1455
1261228763.1705
1261228763.1955
1261228763.2205
1261228763.2455
1261228763.2715
1261228763.2965
1261228763.3215
1261228763.3465
1261228763.3715
1261228763.3965
1261228763.4215
1261228763.4465
1261228763.4715
1261228763.4965
1261228763.5215
1261228763.5475
1261228763.5725
1261228763.5975
1261228763.6225
1261228763.6475
1261228763.6725
1261228763.6975
1261228763.7225
1261228763.7475
1261228763.7725
1261228763.7975
1261228763.8225
1261228763.8485
1261228763.8735
1261228763.8985
1261228763.9235
1261228763.9485
1261228763.9735
1261228763.9985
1261228764.0235
1261228764.0485
1261228764.0735
1261228764.0985
1261228764.1235
1261228764.1495
1261228764.1744
1261228764.1994
1261228764.2244
1261228764.2494
1261228764.2744
1261228764.2994
1261228764.3244
1261228764.3494
1261228764.3744
1261228764.3994
1261228764.4244
1261228764.4504
1261228764.4754
1261228764.5004
1261228764.5254
1261228764.5504
1261228764.5754
1261228764.6004
1261228764.6254
1261228764.6504
1261228764.6754
1261228764.7004
1261228764.7254
1261228764.7514
1261228764.7764
1261228764.8014
1261228764.8264
1261228764.8514
1261228764.8764
1261228764.9014
1261228764.9264
1261228764.9514
1261228764.9764
1261228765.0014
1261228765.0264
1261228765.0514
1261228765.0774
1261228765.1024
1261228765.1274
1261228765.1524
1261228765.1774
1261228765.2024
1261228765.2274
1261228765.2524
1261228765.2774
1261228765.3024
1261228765.3274
1261228765.3534
1261228765.3783
1261228765.4033
1261228765.4283
1261228765.4533
1261228765.4783
1261228765.5033
1261228765.5283
1261228765.5533
1261228765.5783
1261228765.6033
1261228765.6283
1261228765.6543
1261228765.6793
1261228765.7043
1261228765.7293
1261228765.7543
1261228765.7793
1261228765.8043
1261228765.8293
1261228765.8543
1261228765.8793
1261228765.9043
1261228765.9293
1261228765.9553
1261228765.9803
1261228766.0053
1261228766.0303
1261228766.0553
1261228766.0803
1261228766.1053
1261228766.1303
1261228766.1553
1261228766.1803
1261228766.2053
1261228766.2303
1261228766.2563
1261228766.2813
1261228766.3063
1261228766.3313
1261228766.3563
1261228766.3813
1261228766.4063
1261228766.4313
1261228766.4563
1261228766.4813
1261228766.5063
1261228766.5313
1261228766.5573
1261228766.5822
1261228766.6072
1261228766.6322
1261228766.6572
1261228766.6822
1261228766.7072
1261228766.7322
1261228766.7572
1261228766.7822
1261228766.8072
1261228766.8322
1261228766.8582
1261228766.8832
1261228766.9082
1261228766.9332
1261228766.9582
1261228766.9832
1261228767.0082
1261228767.0332
1261228767.0582
1261228767.0832
1261228767.1082
1261228767.1332
1261228767.1592
1261228767.1842
1261228767.2092
1261228767.2342
1261228767.2592
1261228767.2842
1261228767.3092
1261228767.3342
1261228767.3592
1261228767.3842
1261228767.4092
1261228767.4342
1261228767.4602
1261228767.4852
1261228767.5102
1261228767.5352
1261228767.5602
1261228767.5852
1261228767.6102
1261228767.6352
1261228767.6602
1261228767.6852
1261228767.7102
1261228767.7352
1261228767.7602
1261228767.7861
1261228767.8111
1261228767.8361
1261228767.8611
1261228767.8861
1261228767.9111
1261228767.9361
1261228767.9611
1261228767.9861
1261228768.0111
1261228768.0361
1261228768.0611
1261228768.0871
1261228768.1121
1261228768.1371
1261228768.1621
1261228768.1871
1261228768.2121
1261228768.2371
1261228768.2621
1261228768.2871
1261228768.3121
1261228768.3371
1261228768.3621
1261228768.3881
1261228768.4131
1261228768.4381
1261228768.4631
1261228768.4881
1261228768.5131
1261228768.5381
1261228768.5631
1261228768.5881
1261228768.6131
1261228768.6381
1261228768.6631
1261228768.6891
1261228768.7141
1261228768.7391
1261228768.7641
1261228768.7891
1261228768.8141
1261228768.8391
1261228768.8641
1261228768.8891
1261228768.9141
1261228768.9391
1261228768.9651
1261228768.9900
1261228769.0150
1261228769.0400
1261228769.0650
1261228769.0900
1261228769.1150
1261228769.1400
1261228769.1650
1261228769.1900
1261228769.2150
1261228769.2400
1261228769.2650
1261228769.2910
1261228769.3160
1261228769.3410
1261228769.3660
1261228769.3910
1261228769.4160
1261228769.4410
1261228769.4660
1261228769.4910
1261228769.5160
1261228769.5410
1261228769.5660
1261228769.5920
1261228769.6170
1261228769.6420
1261228769.6670
1261228769.6920
1261228769.7420
1261228769.7670
1261228769.7920
1261228769.8170
1261228769.8420
1261228769.8670
1261228769.8930
1261228769.9180
1261228769.9430
1261228769.9680
1261228769.9930
1261228770.0430
1261228770.0680
1261228770.0930
1261228770.1180
1261228770.1680
1261228770.1939
1261228770.2439
1261228770.2689
1261228770.2939
1261228770.3189
1261228770.3439
1261228770.3689
1261228770.3939
1261228770.4439
1261228770.4689
1261228770.4949
1261228770.5199
1261228770.5449
1261228770.5699
1261228770.5949
1261228770.6199
1261228770.6449
1261228770.6699
1261228770.6949
1261228770.7199
1261228770.7449
1261228770.7699
1261228770.7959
1261228770.8209
1261228770.8459
1261228770.8709
1261228770.8959
1261228770.9209
1261228770.9459
1261228770.9709
1261228770.9959
1261228771.0209
1261228771.0459
1261228771.0709
1261228771.0969
1261228771.1219
1261228771.1469
1261228771.1719
1261228771.1969
1261228771.2219
1261228771.2469
1261228771.2719
1261228771.2969
1261228771.3219
1261228771.3469
1261228771.3719
1261228771.3978
1261228771.4228
1261228771.4478
1261228771.4728
1261228771.4978
1261228771.5228
1261228771.5478
1261228771.5728
1261228771.5978
1261228771.6228
1261228771.6478
1261228771.6728
1261228771.6988
1261228771.7238
1261228771.7488
1261228771.7738
1261228771.7988
1261228771.8238
1261228771.8488
1261228771.8738
1261228771.8988
1261228771.9238
1261228771.9488
1261228771.9738
1261228771.9998
1261228772.0248
1261228772.0498
1261228772.0748
1261228772.0998
1261228772.1248
1261228772.1498
1261228772.1748
1261228772.1998
1261228772.2248
1261228772.2498
1261228772.2748
1261228772.3008
1261228772.3258
1261228772.3508
1261228772.4008
1261228772.4258
1261228772.4508
1261228772.4758
1261228772.5008
1261228772.5258
1261228772.5508
1261228772.5757
1261228772.6007
1261228772.6267
1261228772.6517
1261228772.6767
1261228772.7017
1261228772.7267
1261228772.7517
1261228772.7767
1261228772.8017
1261228772.8267
1261228772.8517
1261228772.8767
1261228772.9027
1261228772.9277
1261228772.9527
1261228772.9777
1261228773.0027
1261228773.0277
1261228773.0527
1261228773.0777
1261228773.1027
1261228773.1277
1261228773.1527
1261228773.1777
1261228773.2027
1261228773.2287
1261228773.2537
1261228773.2787
1261228773.3037
1261228773.3287
1261228773.3537
1261228773.3787
1261228773.4037
1261228773.4287
1261228773.4537
1261228773.4787
1261228773.5037
1261228773.5297
1261228773.5547
1261228773.5797
1261228773.6047
1261228773.6297
1261228773.6547
1261228773.6797
1261228773.7047
1261228773.7297
1261228773.7547
1261228773.7796
1261228773.8046
1261228773.8306
1261228773.8556
1261228773.8806
1261228773.9056
1261228773.9306
1261228773.9556
1261228773.9806
1261228774.0056
1261228774.0306
1261228774.0556
1261228774.0806
1261228774.1056
1261228774.1316
1261228774.1566
1261228774.1816
1261228774.2066
1261228774.2316
1261228774.2566
1261228774.2816
1261228774.3066
1261228774.3316
1261228774.3566
1261228774.3816
1261228774.4066
1261228774.4316
1261228774.4566
1261228774.4826
1261228774.5076
1261228774.5326
1261228774.5576
1261228774.5826
1261228774.6076
1261228774.6326
1261228774.6576
1261228774.6826
1261228774.7076
1261228774.7326
1261228774.7576
1261228774.7836
1261228774.8086
1261228774.8336
1261228774.8586
1261228774.8836
1261228774.9086
1261228774.9336
1261228774.9586
1261228774.9835
1261228775.0085
1261228775.0335
1261228775.0595
1261228775.0845
1261228775.1095
1261228775.1345
1261228775.1595
1261228775.1845
1261228775.2095
1261228775.2345
1261228775.2595
1261228775.2845
1261228775.3095
1261228775.3345
1261228775.3605
1261228775.3855
1261228775.4105
1261228775.4355
1261228775.4605
1261228775.4855
1261228775.5105
1261228775.5355
1261228775.5605
1261228775.5855
1261228775.6105
1261228775.6355
1261228775.6615
1261228775.6865
1261228775.7115
1261228775.7365
1261228775.7615
1261228775.7865
1261228775.8115
1261228775.8365
1261228775.8615
1261228775.8865
1261228775.9115
1261228775.9365
1261228775.9615
1261228775.9875
1261228776.0125
1261228776.0375
1261228776.0625
1261228776.0875
1261228776.1125
1261228776.1375
1261228776.1625
1261228776.1874
1261228776.2124
1261228776.2374
1261228776.2624
1261228776.2874
1261228776.3134
1261228776.3384
1261228776.3634
1261228776.3884
1261228776.4134
1261228776.4384
1261228776.4634
1261228776.4884
1261228776.5134
1261228776.5384
1261228776.5634
1261228776.5884
1261228776.6144
1261228776.6394
1261228776.6644
1261228776.6894
1261228776.7144
1261228776.7394
1261228776.7644
1261228776.7894
1261228776.8144
1261228776.8394
1261228776.8644
1261228776.8904
1261228776.9154
1261228776.9404
1261228776.9654
1261228776.9904
1261228777.0154
1261228777.0404
1261228777.0654
1261228777.0904
1261228777.1154
1261228777.1404
1261228777.1654
1261228777.1914
1261228777.2164
1261228777.2414
1261228777.2664
1261228777.2914
1261228777.3164
1261228777.3414
1261228777.3664
1261228777.3913
1261228777.4163
1261228777.4413
1261228777.4663
1261228777.4913
1261228777.5173
1261228777.5423
1261228777.5673
1261228777.5923
1261228777.6173
1261228777.6423
1261228777.6673
1261228777.6923
1261228777.7173
1261228777.7423
1261228777.7673
1261228777.7923
1261228777.8183
1261228777.8433
1261228777.8683
1261228777.8933
1261228777.9183
1261228777.9433
1261228777.9683
1261228777.9933
1261228778.0183
1261228778.0433
1261228778.0683
1261228778.0933
1261228778.1193
1261228778.1443
1261228778.1693
1261228778.1943
1261228778.2193
1261228778.2443
1261228778.2693
1261228778.2943
1261228778.3193
1261228778.3443
1261228778.3693
1261228778.3943
1261228778.4193
1261228778.4453
1261228778.4703
1261228778.4953
1261228778.5203
1261228778.5453
1261228778.5703
1261228778.5952
1261228778.6202
1261228778.6452
1261228778.6702
1261228778.6952
1261228778.7202
1261228778.7452
1261228778.7712
1261228778.7962
1261228778.8212
1261228778.8462
1261228778.8712
1261228778.8962
1261228778.9212
1261228778.9462
1261228778.9712
1261228778.9962
1261228779.0212
1261228779.0472
1261228779.0722
1261228779.0972
1261228779.1222
1261228779.1472
1261228779.1722
1261228779.1972
1261228779.2222
1261228779.2472
1261228779.2722
1261228779.2972
1261228779.3222
1261228779.3482
1261228779.3732
1261228779.3982
1261228779.4232
1261228779.4482
1261228779.4732
1261228779.4982
1261228779.5232
1261228779.5482
1261228779.5732
1261228779.5982
1261228779.6232
1261228779.6492
1261228779.6992
1261228779.7242
1261228779.7742
1261228779.7991
1261228779.8241
1261228779.8491
1261228779.8741
1261228779.8991
1261228779.9241
1261228779.9491
1261228779.9751
1261228780.0001
1261228780.0251
1261228780.0501
1261228780.0751
1261228780.1001
1261228780.1251
1261228780.1501
1261228780.1751
1261228780.2001
1261228780.2251
1261228780.2501
1261228780.2761
1261228780.3011
1261228780.3261
1261228780.3511
1261228780.3761
1261228780.4011
1261228780.4261
1261228780.4511
1261228780.4761
1261228780.5011
1261228780.5261
1261228780.5511
1261228780.5771
1261228780.6021
1261228780.6271
1261228780.6521
1261228780.6771
1261228780.7021
1261228780.7271
1261228780.7521
1261228780.7771
1261228780.8021
1261228780.8271
1261228780.8521
1261228780.8771
1261228780.9031
1261228780.9281
1261228780.9531
1261228780.9780
1261228781.0030
1261228781.0280
1261228781.0530
1261228781.0780
1261228781.1030
1261228781.1280
1261228781.1530
1261228781.1780
1261228781.2030
1261228781.2290
1261228781.2540
1261228781.2790
1261228781.3040
1261228781.3290
1261228781.3540
1261228781.3790
1261228781.4040
1261228781.4290
1261228781.4540
1261228781.4790
1261228781.5040
1261228781.5300
1261228781.5550
1261228781.5800
1261228781.6050
1261228781.6300
1261228781.6550
1261228781.6800
1261228781.7050
1261228781.7300
1261228781.7550
1261228781.7800
1261228781.8050
1261228781.8300
1261228781.8560
1261228781.8810
1261228781.9060
1261228781.9310
1261228781.9560
1261228781.9810
1261228782.0060
1261228782.0310
1261228782.0560
1261228782.0810
1261228782.1060
1261228782.1320
1261228782.1570
1261228782.1819
1261228782.2069
1261228782.2319
1261228782.2569
1261228782.2819
1261228782.3069
1261228782.3319
1261228782.3569
1261228782.3819
1261228782.4069
1261228782.4319
1261228782.4569
1261228782.4829
1261228782.5079
1261228782.5329
1261228782.5579
1261228782.5829
1261228782.6079
1261228782.6329
1261228782.6579
1261228782.6829
1261228782.7079
1261228782.7329
1261228782.7589
1261228782.7839
1261228782.8089
1261228782.8339
1261228782.8589
1261228782.8839
1261228782.9089
1261228782.9339
1261228782.9589
1261228782.9839
1261228783.0089
1261228783.0339
1261228783.0589
1261228783.0849
1261228783.1099
1261228783.1349
1261228783.1599
1261228783.1849
1261228783.2099
1261228783.2349
1261228783.2599
1261228783.2849
1261228783.3099
1261228783.3349
1261228783.3599
1261228783.3858
1261228783.4108
1261228783.4358
1261228783.4608
1261228783.4858
1261228783.5108
1261228783.5358
1261228783.5608
1261228783.5858
1261228783.6108
1261228783.6358
1261228783.6608
1261228783.6858
1261228783.7118
1261228783.7368
1261228783.7618
1261228783.7868
1261228783.8118
1261228783.8368
1261228783.8618
1261228783.8868
1261228783.9118
1261228783.9368
1261228783.9618
1261228783.9868
1261228784.0378
1261228784.0628
1261228784.0878
1261228784.1378
1261228784.1628
1261228784.1878
1261228784.2128
1261228784.2378
1261228784.2628
1261228784.2878
1261228784.3128
1261228784.3388
1261228784.3638
1261228784.3888
1261228784.4138
1261228784.4388
1261228784.4638
1261228784.4888
1261228784.5138
1261228784.5388
1261228784.5638
1261228784.5887
1261228784.6137
1261228784.6397
1261228784.6647
1261228784.6897
1261228784.7147
1261228784.7397
1261228784.7647
1261228784.7897
1261228784.8147
1261228784.8397
1261228784.8647
1261228784.8897
1261228784.9147
1261228784.9397
1261228784.9647
1261228784.9907
1261228785.0157
1261228785.0407
1261228785.0657
1261228785.0907
1261228785.1157
1261228785.1407
1261228785.1657
1261228785.1907
1261228785.2157
1261228785.2407
1261228785.2667
1261228785.2917
1261228785.3167
1261228785.3417
1261228785.3667
1261228785.3917
1261228785.4167
1261228785.4417
1261228785.4667
1261228785.4917
1261228785.5167
1261228785.5417
1261228785.5677
1261228785.5927
1261228785.6177
1261228785.6427
1261228785.6677
1261228785.6927
1261228785.7177
1261228785.7427
1261228785.7677
1261228785.7926
1261228785.8176
1261228785.8426
1261228785.8676
1261228785.8936
1261228785.9186
1261228785.9436
1261228785.9686
1261228785.9936
1261228786.0186
1261228786.0686
1261228786.0936
1261228786.1186
1261228786.1436
1261228786.1686
1261228786.1936
1261228786.2196
1261228786.2446
1261228786.2696
1261228786.2946
1261228786.3196
1261228786.3446
1261228786.3696
1261228786.3946
1261228786.4196
1261228786.4446
1261228786.4696
1261228786.4946
1261228786.5206
1261228786.5456
1261228786.5706
1261228786.5956
1261228786.6206
1261228786.6456
1261228786.6706
1261228786.6956
1261228786.7206
1261228786.7456
1261228786.7706
1261228786.7956
1261228786.8206
1261228786.8466
1261228786.8716
1261228786.8966
1261228786.9216
1261228786.9466
1261228786.9716
1261228786.9965
1261228787.0215
1261228787.0465
1261228787.0715
1261228787.0965
1261228787.1215
1261228787.1475
1261228787.1725
1261228787.1975
1261228787.2225
1261228787.2475
1261228787.2725
1261228787.2975
1261228787.3225
1261228787.3475
1261228787.3725
1261228787.3975
1261228787.4225
1261228787.4475
1261228787.4735
1261228787.4985
1261228787.5235
1261228787.5485
1261228787.5735
1261228787.5985
1261228787.6235
1261228787.6485
1261228787.6735
1261228787.6985
1261228787.7235
1261228787.7485
1261228787.7735
1261228787.7995
1261228787.8245
1261228787.8495
1261228787.8745
1261228787.8995
1261228787.9245
1261228787.9495
1261228787.9745
1261228787.9995
1261228788.0245
1261228788.0495
1261228788.0745
1261228788.0995
1261228788.1255
1261228788.1505
1261228788.1754
1261228788.2004
1261228788.2254
1261228788.2504
1261228788.2754
1261228788.3004
1261228788.3254
1261228788.3504
1261228788.3754
1261228788.4004
1261228788.4264
1261228788.4514
1261228788.4764
1261228788.5014
1261228788.5264
1261228788.5514
1261228788.5764
1261228788.6014
1261228788.6264
1261228788.6514
1261228788.6764
1261228788.7014
1261228788.7274
1261228788.7524
1261228788.7774
1261228788.8024
1261228788.8274
1261228788.8524
1261228788.8774
1261228788.9024
1261228788.9274
1261228788.9524
1261228788.9774
1261228789.0024
1261228789.0274
1261228789.0534
1261228789.0784
1261228789.1034
1261228789.1284
1261228789.1534
1261228789.1784
1261228789.2034
1261228789.2284
1261228789.2534
1261228789.2784
1261228789.3034
1261228789.3284
1261228789.3534
