%           Time                     Lat                     Lon                     Alt  fix #sats       speed         dir                 Local X                 Local Y                 Local Z rawlog ID              Geocen X              Geocen Y              Geocen Z                 GPS X                 GPS Y                 GPS Z                GPS VX                GPS VY                GPS VZ              Local VX              Local VY              Local VZ       SAT Time 
1261228750.0000      0.6407858829860880     -0.0781276568368864               43.700000    1    9    0.000000    0.000000      0.0000000000000000      0.0000000000000000      0.0000000000000000     31 5103428.8454043595120311 -399532.1740883113816381 3792053.0137267652899027    0.0000000000000000    0.0000000000000000    0.0000000000000000    0.0000000000000000    0.0000000000000000    0.0000000000000000    0.0000000000000000    0.0000000000000000    0.0000000000000000 1261228750.0000 
1261228751.0000      0.6407864356736845     -0.0781273368598568               47.100000    1    9    0.000000    0.000000      1.6379767075207388      3.5250645268861498      3.3886803643685552    423 5103429.5960198249667883 -399530.5898632487514988 3792057.8633669167757034    0.0000000000000000    0.0000000000000000    0.0000000000000000    0.0000000000000000    0.0000000000000000    0.0000000000000000    0.0000000000000000    0.0000000000000000    0.0000000000000000 1261228751.0000 
1261228752.0000      0.6407867265618931     -0.0781273368598568               47.400000    1    9    0.000000    0.000000      1.6379764307020206      5.3755719404655036      3.6827296933977158    816 5103428.7334362175315619 -399530.5223344367695972 3792059.5253633293323219    0.0000000000000000    0.0000000000000000    0.0000000000000000    0.0000000000000000    0.0000000000000000    0.0000000000000000    0.0000000000000000    0.0000000000000000    0.0000000000000000 1261228752.0000 
1261228753.0000      0.6407870756277436     -0.0781273077710360               48.000000    1    9    0.000000    0.000000      1.7868830836529122      7.5969531860864805      4.2755868952724745   1203 5103427.9017602950334549 -399530.3078627476934344 3792061.6632371670566499    0.0000000000000000    0.0000000000000000    0.0000000000000000    0.0000000000000000    0.0000000000000000    0.0000000000000000    0.0000000000000000    0.0000000000000000    0.0000000000000000 1261228753.0000 
1261228754.0000      0.6407874828712357     -0.0781272495933942               48.400000    1    9    0.000000    0.000000      2.0846964311397684     10.1875999806357580      4.6672541581655196   1597 5103426.7014014953747392 -399529.9151656680041924 3792063.9780750889331102    0.0000000000000000    0.0000000000000000    0.0000000000000000    0.0000000000000000    0.0000000000000000    0.0000000000000000    0.0000000000000000    0.0000000000000000    0.0000000000000000 1261228754.0000 
1261228755.0000      0.6407878901147278     -0.0781271623269316               48.900000    1    9    0.000000    0.000000      2.5314165275933771     12.7785689431559177      5.1589197765021293   1989 5103425.5925814379006624 -399529.3802725166315213 3792066.3526953714899719    0.0000000000000000    0.0000000000000000    0.0000000000000000    0.0000000000000000    0.0000000000000000    0.0000000000000000    0.0000000000000000    0.0000000000000000    0.0000000000000000 1261228755.0000 
1261228756.0000      0.6407882973582198     -0.0781271332381108               49.400000    1    8    0.000000    0.000000      2.6803227815658452     15.3695382450141693      5.6505844407729704   2382 5103424.4605165803804994 -399529.1422846768400632 3792068.7273153588175774    0.0000000000000000    0.0000000000000000    0.0000000000000000    0.0000000000000000    0.0000000000000000    0.0000000000000000    0.0000000000000000    0.0000000000000000    0.0000000000000000 1261228756.0000 
1261228757.0000      0.6407887336905329     -0.0781271041492899               49.700000    1    9    0.000000    0.000000      2.8292288190420765     18.1448185546600413      5.9416537735249033   2769 5103423.0583806335926056 -399528.8831539967213757 3792071.1306341555900872    0.0000000000000000    0.0000000000000000    0.0000000000000000    0.0000000000000000    0.0000000000000000    0.0000000000000000    0.0000000000000000    0.0000000000000000    0.0000000000000000 1261228757.0000 
1261228758.0000      0.6407892282004877     -0.0781270168828273               49.800000    1    9    0.000000    0.000000      3.2759480072413294     21.2893640692960986      6.0315319887559635   3161 5103421.2991829505190253 -399528.2973456381005235 3792073.7109160586260259    0.0000000000000000    0.0000000000000000    0.0000000000000000    0.0000000000000000    0.0000000000000000    0.0000000000000000    0.0000000000000000    0.0000000000000000    0.0000000000000000 1261228758.0000 
1261228759.0000      0.6407897227104423     -0.0781269296163647               49.600000    1    9    0.000000    0.000000      3.7226667064674306     24.4329438183097238      5.8214101723889264   3550 5103419.3002302981913090 -399527.6927680707885884 3792076.1118485173210502    0.0000000000000000    0.0000000000000000    0.0000000000000000    0.0000000000000000    0.0000000000000000    0.0000000000000000    0.0000000000000000    0.0000000000000000    0.0000000000000000 1261228759.0000 
1261228760.0000      0.6407902172203971     -0.0781269005275438               49.900000    1    9    0.000000    0.000000      3.8715721349353505     27.5781333409126219      6.1112843654531197   3941 5103417.6776220714673400 -399527.4163778864312917 3792078.8116944418288767    0.0000000000000000    0.0000000000000000    0.0000000000000000    0.0000000000000000    0.0000000000000000    0.0000000000000000    0.0000000000000000    0.0000000000000000    0.0000000000000000 1261228760.0000 
1261228761.0000      0.6407907117303520     -0.0781268132610812               49.400000    1    9    0.000000    0.000000      4.3182900728572244     30.7207467986583111      5.6011609537071685   4335 5103415.4389134878292680 -399526.7930313082761131 3792081.0332761029712856    0.0000000000000000    0.0000000000000000    0.0000000000000000    0.0000000000000000    0.0000000000000000    0.0000000000000000    0.0000000000000000    0.0000000000000000    0.0000000000000000 1261228761.0000 
1261228762.0000      0.6407911189738440     -0.0781267550834395               49.600000    1    9    0.000000    0.000000      4.6161019299553869     33.3107515543413371      5.7928197142019293   4724 5103414.0787100857123733 -399526.3878219678881578 3792083.2285441304557025    0.0000000000000000    0.0000000000000000    0.0000000000000000    0.0000000000000000    0.0000000000000000    0.0000000000000000    0.0000000000000000    0.0000000000000000    0.0000000000000000 1261228762.0000 
1261228763.0000      0.6407915843949777     -0.0781266969057978               49.400000    1    9    0.000000    0.000000      4.9139131055424414     36.2693765328016156      5.5832878168611781   5113 5103412.1783655537292361 -399525.9403272782219574 3792085.4812083393335342    0.0000000000000000    0.0000000000000000    0.0000000000000000    0.0000000000000000    0.0000000000000000    0.0000000000000000    0.0000000000000000    0.0000000000000000    0.0000000000000000 1261228763.0000 
1261228764.0000      0.6407919916384700     -0.0781266387281560               49.600000    1    9    0.000000    0.000000      5.2117246081621840     38.8593814988398876      5.7749442891303087   5508 5103410.8181601660326123 -399525.5351181379519403 3792087.6764751737937331    0.0000000000000000    0.0000000000000000    0.0000000000000000    0.0000000000000000    0.0000000000000000    0.0000000000000000    0.0000000000000000    0.0000000000000000    0.0000000000000000 1261228764.0000 
1261228765.0000      0.6407924279707831     -0.0781266096393352               49.700000    1    9    0.000000    0.000000      5.3606293726706369     41.6340186407598978      5.8660043481015549   5896 5103409.2561796857044101 -399525.2634749844437465 3792089.9602227099239826    0.0000000000000000    0.0000000000000000    0.0000000000000000    0.0000000000000000    0.0000000000000000    0.0000000000000000    0.0000000000000000    0.0000000000000000    0.0000000000000000 1261228765.0000 
1261228766.0000      0.6407928643030959     -0.0781265223728726               49.600000    1    9    0.000000    0.000000      5.8073465145131422     44.4080115148815224      5.7570639664901684   6289 5103407.5576062202453613 -399524.6824147670413367 3792092.1244033593684435    0.0000000000000000    0.0000000000000000    0.0000000000000000    0.0000000000000000    0.0000000000000000    0.0000000000000000    0.0000000000000000    0.0000000000000000    0.0000000000000000 1261228766.0000 
1261228767.0000      0.6407933006354090     -0.0781264351064100               49.500000    1    9    0.000000    0.000000      6.2540633529601974     47.1820043338074058      5.6481223435571479   6682 5103405.8590317694470286 -399524.1013547768234275 3792094.2885832255706191    0.0000000000000000    0.0000000000000000    0.0000000000000000    0.0000000000000000    0.0000000000000000    0.0000000000000000    0.0000000000000000    0.0000000000000000    0.0000000000000000 1261228767.0000 
1261228768.0000      0.6407937078789011     -0.0781263187511265               49.400000    1    9    0.000000    0.000000      6.8496862555762057     49.7710428973986865      5.5397755532440094   7071 5103404.2823128839954734 -399523.3804728151881136 3792096.3044981807470322    0.0000000000000000    0.0000000000000000    0.0000000000000000    0.0000000000000000    0.0000000000000000    0.0000000000000000    0.0000000000000000    0.0000000000000000    0.0000000000000000 1261228768.0000 
1261228769.0000      0.6407940860335724     -0.0781262023958430               49.200000    1    9    0.000000    0.000000      7.4453088234415130     52.1748047092529319      5.3320244755952473   7461 5103402.7359104314818978 -399522.6619645721511915 3792098.1123651452362537    0.0000000000000000    0.0000000000000000    0.0000000000000000    0.0000000000000000    0.0000000000000000    0.0000000000000000    0.0000000000000000    0.0000000000000000    0.0000000000000000 1261228769.0000 
1261228770.0000      0.6407944641882436     -0.0781260860405596               49.000000    1    9    0.000000    0.000000      8.0409310195916177     54.5785664177044794      5.1242724344875796   7851 5103401.1895072394981980 -399521.9434566440759227 3792099.9202314531430602    0.0000000000000000    0.0000000000000000    0.0000000000000000    0.0000000000000000    0.0000000000000000    0.0000000000000000    0.0000000000000000    0.0000000000000000    0.0000000000000000 1261228770.0000 
1261228771.0000      0.6407948714317357     -0.0781260278629178               48.900000    1    9    0.000000    0.000000      8.3387406273497220     57.1676045094655407      5.0159228616732818   8237 5103399.5895426133647561 -399521.5194793710834347 3792101.9361443729139864    0.0000000000000000    0.0000000000000000    0.0000000000000000    0.0000000000000000    0.0000000000000000    0.0000000000000000    0.0000000000000000    0.0000000000000000    0.0000000000000000 1261228771.0000 
1261228772.0000      0.6407953077640488     -0.0781259696852761               48.900000    1    9    0.000000    0.000000      8.6365499942585071     59.9419193633785028      5.0069751776775462   8631 5103397.9592595817521214 -399521.0931288024294190 3792104.1601038640365005    0.0000000000000000    0.0000000000000000    0.0000000000000000    0.0000000000000000    0.0000000000000000    0.0000000000000000    0.0000000000000000    0.0000000000000000    0.0000000000000000 1261228772.0000 
1261228773.0000      0.6407957440963618     -0.0781259405964552               49.000000    1    9    0.000000    0.000000      8.7854533197222331     62.7165566499932225      5.0980259556598675   9020 5103396.3972714683040977 -399520.8214864947949536 3792106.4438459919765592    0.0000000000000000    0.0000000000000000    0.0000000000000000    0.0000000000000000    0.0000000000000000    0.0000000000000000    0.0000000000000000    0.0000000000000000    0.0000000000000000 1261228773.0000 
1261228774.0000      0.6407961804286748     -0.0781259115076344               48.900000    1    9    0.000000    0.000000      8.9343562735837079     65.4905488099196731      4.9890765606846870   9411 5103394.6754473447799683 -399520.5373314769240096 3792108.6080207023769617    0.0000000000000000    0.0000000000000000    0.0000000000000000    0.0000000000000000    0.0000000000000000    0.0000000000000000    0.0000000000000000    0.0000000000000000    0.0000000000000000 1261228774.0000 
1261228775.0000      0.6407966458498086     -0.0781258533299926               48.800000    1    9    0.000000    0.000000      9.2321648139815817     68.4494953547235383      4.8795289664209029   9802 5103392.8550085453316569 -399520.0960950112203136 3792110.9204584239050746    0.0000000000000000    0.0000000000000000    0.0000000000000000    0.0000000000000000    0.0000000000000000    0.0000000000000000    0.0000000000000000    0.0000000000000000    0.0000000000000000 1261228775.0000 
1261228776.0000      0.6407970821821216     -0.0781258242411718               48.900000    1    9    0.000000    0.000000      9.3810678055641663     71.2241327653104719      4.9705760183547127  10190 5103391.2930173473432660 -399519.8244527970091440 3792113.2041984335519373    0.0000000000000000    0.0000000000000000    0.0000000000000000    0.0000000000000000    0.0000000000000000    0.0000000000000000    0.0000000000000000    0.0000000000000000    0.0000000000000000 1261228776.0000 
1261228777.0000      0.6407975476032555     -0.0781257951523509               48.900000    1    9    0.000000    0.000000      9.5299703501071811     74.1834018354563796      4.9610254389191795  10580 5103389.5408722553402185 -399519.5379244518117048 3792115.5764180049300194    0.0000000000000000    0.0000000000000000    0.0000000000000000    0.0000000000000000    0.0000000000000000    0.0000000000000000    0.0000000000000000    0.0000000000000000    0.0000000000000000 1261228777.0000 
1261228778.0000      0.6407979548467476     -0.0781257660635300               48.900000    1    9    0.000000    0.000000      9.6788732098609778     76.7727623019913352      4.9526675204566146  10973 5103388.0091970730572939 -399519.2686557199922390 3792117.6521094627678394    0.0000000000000000    0.0000000000000000    0.0000000000000000    0.0000000000000000    0.0000000000000000    0.0000000000000000    0.0000000000000000    0.0000000000000000    0.0000000000000000 1261228778.0000 
1261228779.0000      0.6407983911790606     -0.0781257369747092               49.000000    1    9    0.000000    0.000000      9.8277759211278184     79.5473999181234888      5.0437109294518976  11363 5103386.4472028128802776 -399518.9970135472249240 3792119.9358474691398442    0.0000000000000000    0.0000000000000000    0.0000000000000000    0.0000000000000000    0.0000000000000000    0.0000000000000000    0.0000000000000000    0.0000000000000000    0.0000000000000000 1261228779.0000 
1261228780.0000      0.6407988275113736     -0.0781256787970674               49.100000    1    9    0.000000    0.000000     10.1255841905766282     82.3220378060000257      5.1347528896843926  11749 5103384.8968290416523814 -399518.5769199362839572 3792122.2195848315022886    0.0000000000000000    0.0000000000000000    0.0000000000000000    0.0000000000000000    0.0000000000000000    0.0000000000000000    0.0000000000000000    0.0000000000000000    0.0000000000000000 1261228780.0000 
1261228781.0000      0.6407993220213284     -0.0781256497082466               49.200000    1    9    0.000000    0.000000     10.2744862283233847     85.4665842560328457      5.2245993394342136  12143 5103383.1143612638115883 -399518.2880182270891964 3792124.7998485779389739    0.0000000000000000    0.0000000000000000    0.0000000000000000    0.0000000000000000    0.0000000000000000    0.0000000000000000    0.0000000000000000    0.0000000000000000    0.0000000000000000 1261228781.0000 
1261228782.0000      0.6407998456201039     -0.0781255915306048               49.400000    1    9    0.000000    0.000000     10.5722936439023680     88.7964082984690037      5.4138461011307086  12534 5103381.3131951401010156 -399517.8482916897628456 3792127.5881586242467165    0.0000000000000000    0.0000000000000000    0.0000000000000000    0.0000000000000000    0.0000000000000000    0.0000000000000000    0.0000000000000000    0.0000000000000000    0.0000000000000000 1261228782.0000 
1261228783.0000      0.6408004273965212     -0.0781255624417840               49.700000    1    9    0.000000    0.000000     10.7211950602185517     92.4964640816447599      5.7018959003036471  12925 5103379.3598514208570123 -399517.5460132377338596 3792130.7327783419750631    0.0000000000000000    0.0000000000000000    0.0000000000000000    0.0000000000000000    0.0000000000000000    0.0000000000000000    0.0000000000000000    0.0000000000000000    0.0000000000000000 1261228783.0000 
1261228784.0000      0.6408010091729386     -0.0781255333529631               49.800000    1    9    0.000000    0.000000     10.8700960213131843     96.1958740419367473      5.7899445864686498  13318 5103377.2466713450849056 -399517.2312221322208643 3792133.7578295231796801    0.0000000000000000    0.0000000000000000    0.0000000000000000    0.0000000000000000    0.0000000000000000    0.0000000000000000    0.0000000000000000    0.0000000000000000    0.0000000000000000 1261228784.0000 
1261228785.0000      0.6408015909493560     -0.0781254751753214               49.900000    1    9    0.000000    0.000000     11.1679022215221586     99.8952843274236812      5.8779908575441766  13701 5103375.1451109275221825 -399516.7679798435419798 3792136.7828795281238854    0.0000000000000000    0.0000000000000000    0.0000000000000000    0.0000000000000000    0.0000000000000000    0.0000000000000000    0.0000000000000000    0.0000000000000000    0.0000000000000000 1261228785.0000 
1261228786.0000      0.6408021436369523     -0.0781254460865005               50.000000    1    9    0.000000    0.000000     11.3168031171454846    103.4097402106281436      5.9666330217076364  14091 5103373.1421633707359433 -399516.4618185777799226 3792139.6596651352010667    0.0000000000000000    0.0000000000000000    0.0000000000000000    0.0000000000000000    0.0000000000000000    0.0000000000000000    0.0000000000000000    0.0000000000000000    0.0000000000000000 1261228786.0000 
1261228787.0000      0.6408026672357280     -0.0781254169976797               50.100000    1    9    0.000000    0.000000     11.4657041428025366    106.7392418730131851      6.0558711297050749  14483 5103371.2494504088535905 -399516.1642871181829832 3792142.3881865204311907    0.0000000000000000    0.0000000000000000    0.0000000000000000    0.0000000000000000    0.0000000000000000    0.0000000000000000    0.0000000000000000    0.0000000000000000    0.0000000000000000 1261228787.0000 
1261228788.0000      0.6408031908345037     -0.0781254169976797               50.400000    1    9    0.000000    0.000000     11.4657002233879162    110.0693900794842364      6.3451067149557545  14875 5103369.5049486644566059 -399516.0277192278299481 3792145.2362748575396836    0.0000000000000000    0.0000000000000000    0.0000000000000000    0.0000000000000000    0.0000000000000000    0.0000000000000000    0.0000000000000000    0.0000000000000000    0.0000000000000000 1261228788.0000 
1261228789.0000      0.6408037144332792     -0.0781254169976797               50.600000    1    9    0.000000    0.000000     11.4656961245344142    113.3992152444879480      6.5343410794273993  15265 5103367.6805282905697823 -399515.8848949270904996 3792148.0245784264989197    0.0000000000000000    0.0000000000000000    0.0000000000000000    0.0000000000000000    0.0000000000000000    0.0000000000000000    0.0000000000000000    0.0000000000000000    0.0000000000000000 1261228789.0000 
