1261228749.9359
1261228749.9609
1261228749.9859
1261228750.0109
1261228750.0359
1261228750.0609
1261228750.0859
1261228750.1109
1261228750.1359
1261228750.1609
1261228750.1859
1261228750.2109
1261228750.2359
1261228750.2609
1261228750.2859
1261228750.3109
1261228750.3359
1261228750.3609
1261228750.3859
1261228750.4119
1261228750.4369
1261228750.4619
1261228750.4869
1261228750.5119
1261228750.5369
1261228750.5619
1261228750.5869
1261228750.6119
1261228750.6369
1261228750.6619
1261228750.6869
1261228750.7118
1261228750.7368
1261228750.7618
1261228750.7868
1261228750.8118
1261228750.8368
1261228750.8618
1261228750.8868
1261228750.9118
1261228750.9368
1261228750.9618
1261228750.9868
1261228751.0118
1261228751.0368
1261228751.0618
1261228751.0868
1261228751.1118
1261228751.1368
1261228751.1618
1261228751.1868
1261228751.2118
1261228751.2368
1261228751.2618
1261228751.2868
1261228751.3118
1261228751.3368
1261228751.3618
1261228751.3868
1261228751.4118
1261228751.4368
1261228751.4618
1261228751.4868
1261228751.5118
1261228751.5368
1261228751.5618
1261228751.5868
1261228751.6118
1261228751.6368
1261228751.6618
1261228751.6868
1261228751.7118
1261228751.7368
1261228751.7618
1261228751.7868
1261228751.8118
1261228751.8368
1261228751.8618
1261228751.8868
1261228751.9117
1261228751.9367
1261228751.9617
1261228751.9867
1261228752.0117
1261228752.0367
1261228752.0617
1261228752.0867
1261228752.1117
1261228752.1367
1261228752.1617
1261228752.1867
1261228752.2117
1261228752.2367
1261228752.2617
1261228752.2867
1261228752.3127
1261228752.3367
1261228752.3627
1261228752.3877
1261228752.4127
1261228752.4377
1261228752.4627
1261228752.4877
1261228752.5127
1261228752.5377
1261228752.5627
1261228752.5877
1261228752.6127
1261228752.6377
1261228752.6627
1261228752.6877
1261228752.7127
1261228752.7377
1261228752.7627
1261228752.7877
1261228752.8127
1261228752.8377
1261228752.8627
1261228752.8877
1261228752.9127
1261228752.9377
1261228752.9627
1261228752.9877
1261228753.0127
1261228753.0377
1261228753.0627
1261228753.0877
1261228753.1126
1261228753.1376
1261228753.1626
1261228753.1876
1261228753.2126
1261228753.2376
1261228753.2626
1261228753.2876
1261228753.3126
1261228753.3376
1261228753.3626
1261228753.3876
1261228753.4126
1261228753.4376
1261228753.4626
1261228753.4876
1261228753.5126
1261228753.5376
1261228753.5626
1261228753.5876
1261228753.6126
1261228753.6376
1261228753.6626
1261228753.6876
1261228753.7126
1261228753.7376
1261228753.7626
1261228753.7876
1261228753.8126
1261228753.8376
1261228753.8626
1261228753.8876
1261228753.9126
1261228753.9376
1261228753.9626
1261228753.9876
1261228754.0126
1261228754.0376
1261228754.0626
1261228754.0876
1261228754.1126
1261228754.1376
1261228754.1626
1261228754.1876
1261228754.2126
1261228754.2376
1261228754.2626
1261228754.2876
1261228754.3125
1261228754.3375
1261228754.3635
1261228754.3885
1261228754.4135
1261228754.4385
1261228754.4635
1261228754.4885
1261228754.5135
1261228754.5385
1261228754.5635
1261228754.5885
1261228754.6135
1261228754.6385
1261228754.6635
1261228754.6885
1261228754.7135
1261228754.7385
1261228754.7635
1261228754.7885
1261228754.8135
1261228754.8385
1261228754.8635
1261228754.8885
1261228754.9135
1261228754.9385
1261228754.9635
1261228754.9885
1261228755.0135
1261228755.0385
1261228755.0635
1261228755.0885
1261228755.1135
1261228755.1385
1261228755.1635
1261228755.1885
1261228755.2135
1261228755.2385
1261228755.2635
1261228755.2885
1261228755.3135
1261228755.3385
1261228755.3635
1261228755.3885
1261228755.4135
1261228755.4385
1261228755.4635
1261228755.4885
1261228755.5134
1261228755.5384
1261228755.5634
1261228755.5884
1261228755.6134
1261228755.6384
1261228755.6634
1261228755.6884
1261228755.7134
1261228755.7384
1261228755.7634
1261228755.7884
1261228755.8134
1261228755.8384
1261228755.8634
1261228755.8884
1261228755.9134
1261228755.9384
1261228755.9634
1261228755.9884
1261228756.0134
1261228756.0384
1261228756.0634
1261228756.0884
1261228756.1134
1261228756.1384
1261228756.1634
1261228756.1884
1261228756.2134
1261228756.2384
1261228756.2634
1261228756.2884
1261228756.3134
1261228756.3384
1261228756.3634
1261228756.3884
1261228756.4134
1261228756.4384
1261228756.4644
1261228756.4894
1261228756.5134
1261228756.5394
1261228756.5644
1261228756.5894
1261228756.6144
1261228756.6394
1261228756.6644
1261228756.6894
1261228756.7143
1261228756.7393
1261228756.7643
1261228756.7893
1261228756.8143
1261228756.8393
1261228756.8643
1261228756.8893
1261228756.9143
1261228756.9393
1261228756.9643
1261228756.9893
1261228757.0143
1261228757.0393
1261228757.0643
1261228757.0893
1261228757.1143
1261228757.1393
1261228757.1643
1261228757.1893
1261228757.2143
1261228757.2393
1261228757.2643
1261228757.2893
1261228757.3143
1261228757.3393
1261228757.3643
1261228757.3893
1261228757.4143
1261228757.4393
1261228757.4643
1261228757.4893
1261228757.5143
1261228757.5393
1261228757.5643
1261228757.5893
1261228757.6143
1261228757.6393
1261228757.6643
1261228757.6893
1261228757.7143
1261228757.7393
1261228757.7643
1261228757.7893
1261228757.8143
1261228757.8393
1261228757.8643
1261228757.8893
1261228757.9142
1261228757.9392
1261228757.9642
1261228757.9892
1261228758.0142
1261228758.0392
1261228758.0642
1261228758.0892
1261228758.1142
1261228758.1392
1261228758.1642
1261228758.1892
1261228758.2142
1261228758.2392
1261228758.2642
1261228758.2892
1261228758.3142
1261228758.3392
1261228758.3642
1261228758.3892
1261228758.4142
1261228758.4392
1261228758.4642
1261228758.4892
1261228758.5142
1261228758.5392
1261228758.5642
1261228758.5892
1261228758.6142
1261228758.6392
1261228758.6642
1261228758.6902
1261228758.7152
1261228758.7392
1261228758.7652
1261228758.7902
1261228758.8152
1261228758.8402
1261228758.8652
1261228758.8902
1261228758.9152
1261228758.9402
1261228758.9652
1261228758.9902
1261228759.0152
1261228759.0402
1261228759.0652
1261228759.0902
1261228759.1151
1261228759.1401
1261228759.1651
1261228759.1901
1261228759.2151
1261228759.2401
1261228759.2651
1261228759.2901
1261228759.3151
1261228759.3401
1261228759.3651
1261228759.3901
1261228759.4151
1261228759.4401
1261228759.4651
1261228759.4901
1261228759.5151
1261228759.5401
1261228759.5651
1261228759.5901
1261228759.6151
1261228759.6401
1261228759.6651
1261228759.6901
1261228759.7151
1261228759.7401
1261228759.7651
1261228759.7901
1261228759.8151
1261228759.8401
1261228759.8651
1261228759.8901
1261228759.9151
1261228759.9401
1261228759.9651
1261228759.9901
1261228760.0151
1261228760.0401
1261228760.0651
1261228760.0901
1261228760.1151
1261228760.1401
1261228760.1651
1261228760.1901
1261228760.2151
1261228760.2401
1261228760.2651
1261228760.2901
1261228760.3150
1261228760.3400
1261228760.3650
1261228760.3900
1261228760.4150
1261228760.4400
1261228760.4650
1261228760.4900
1261228760.5150
1261228760.5400
1261228760.5650
1261228760.5900
1261228760.6150
1261228760.6400
1261228760.6650
1261228760.6900
1261228760.7150
1261228760.7400
1261228760.7650
1261228760.7900
1261228760.8150
1261228760.8400
1261228760.8650
1261228760.8900
1261228760.9150
1261228760.9400
1261228760.9650
1261228760.9900
1261228761.0150
1261228761.0400
1261228761.0660
1261228761.0900
1261228761.1160
1261228761.1410
1261228761.1660
1261228761.1900
1261228761.2160
1261228761.2410
1261228761.2660
1261228761.2910
1261228761.3160
1261228761.3410
1261228761.3660
1261228761.3910
1261228761.4160
1261228761.4410
1261228761.4660
1261228761.4910
1261228761.5159
1261228761.5409
1261228761.5659
1261228761.5909
1261228761.6159
1261228761.6409
1261228761.6659
1261228761.6909
1261228761.7159
1261228761.7409
1261228761.7659
1261228761.7909
1261228761.8159
1261228761.8409
1261228761.8659
1261228761.8909
1261228761.9159
1261228761.9409
1261228761.9659
1261228761.9909
1261228762.0159
1261228762.0409
1261228762.0659
1261228762.0909
1261228762.1159
1261228762.1409
1261228762.1659
1261228762.1909
1261228762.2159
1261228762.2409
1261228762.2659
1261228762.2909
1261228762.3159
1261228762.3409
1261228762.3659
1261228762.3909
1261228762.4159
1261228762.4409
1261228762.4659
1261228762.4909
1261228762.5159
1261228762.5409
1261228762.5659
1261228762.5909
1261228762.6159
1261228762.6409
1261228762.6659
1261228762.6909
1261228762.7158
1261228762.7408
1261228762.7658
1261228762.7908
1261228762.8158
1261228762.8408
1261228762.8658
1261228762.8908
1261228762.9158
1261228762.9408
1261228762.9658
1261228762.9908
1261228763.0158
1261228763.0408
1261228763.0658
1261228763.0908
1261228763.1158
1261228763.1408
1261228763.1658
1261228763.1908
1261228763.2158
1261228763.2408
1261228763.2658
1261228763.2908
1261228763.3158
1261228763.3408
1261228763.3658
1261228763.3908
1261228763.4158
1261228763.4408
1261228763.4658
1261228763.4908
1261228763.5158
1261228763.5408
1261228763.5658
1261228763.5908
1261228763.6158
1261228763.6408
1261228763.6658
1261228763.6918
1261228763.7168
1261228763.7418
1261228763.7668
1261228763.7918
1261228763.8168
1261228763.8418
1261228763.8668
1261228763.8918
1261228763.9167
1261228763.9417
1261228763.9667
1261228763.9917
1261228764.0167
1261228764.0417
1261228764.0667
1261228764.0917
1261228764.1167
1261228764.1417
1261228764.1667
1261228764.1917
1261228764.2167
1261228764.2417
1261228764.2667
1261228764.2917
1261228764.3167
1261228764.3417
1261228764.3667
1261228764.3917
1261228764.4167
1261228764.4417
1261228764.4667
1261228764.4917
1261228764.5167
1261228764.5417
1261228764.5667
1261228764.5917
1261228764.6167
1261228764.6417
1261228764.6667
1261228764.6917
1261228764.7167
1261228764.7417
1261228764.7667
1261228764.7917
1261228764.8167
1261228764.8417
1261228764.8667
1261228764.8917
1261228764.9167
1261228764.9417
1261228764.9667
1261228764.9917
1261228765.0167
1261228765.0417
1261228765.0667
1261228765.0917
1261228765.1166
1261228765.1416
1261228765.1666
1261228765.1916
1261228765.2166
1261228765.2416
1261228765.2666
1261228765.2916
1261228765.3166
1261228765.3416
1261228765.3666
1261228765.3916
1261228765.4166
1261228765.4416
1261228765.4666
1261228765.4916
1261228765.5166
1261228765.5416
1261228765.5666
1261228765.5916
1261228765.6166
1261228765.6416
1261228765.6666
1261228765.6916
1261228765.7166
1261228765.7416
1261228765.7666
1261228765.7916
1261228765.8166
1261228765.8416
1261228765.8666
1261228765.8916
1261228765.9166
1261228765.9416
1261228765.9666
1261228765.9916
1261228766.0166
1261228766.0416
1261228766.0666
1261228766.0916
1261228766.1166
1261228766.1416
1261228766.1666
1261228766.1916
1261228766.2166
1261228766.2416
1261228766.2666
1261228766.2916
1261228766.3165
1261228766.3415
1261228766.3665
1261228766.3915
1261228766.4165
1261228766.4415
1261228766.4665
1261228766.4915
1261228766.5165
1261228766.5425
1261228766.5675
1261228766.5925
1261228766.6175
1261228766.6425
1261228766.6675
1261228766.6925
1261228766.7175
1261228766.7425
1261228766.7675
1261228766.7925
1261228766.8175
1261228766.8425
1261228766.8675
1261228766.8925
1261228766.9175
1261228766.9425
1261228766.9675
1261228766.9925
1261228767.0175
1261228767.0425
1261228767.0675
1261228767.0925
1261228767.1175
1261228767.1425
1261228767.1675
1261228767.1925
1261228767.2175
1261228767.2425
1261228767.2675
1261228767.2925
1261228767.3175
1261228767.3425
1261228767.3675
1261228767.3925
1261228767.4175
1261228767.4425
1261228767.4675
1261228767.4925
1261228767.5174
1261228767.5424
1261228767.5674
1261228767.5924
1261228767.6174
1261228767.6424
1261228767.6674
1261228767.6924
1261228767.7174
1261228767.7424
1261228767.7674
1261228767.7924
1261228767.8174
1261228767.8424
1261228767.8674
1261228767.8924
1261228767.9174
1261228767.9424
1261228767.9674
1261228767.9924
1261228768.0174
1261228768.0424
1261228768.0674
1261228768.0924
1261228768.1174
1261228768.1424
1261228768.1674
1261228768.1924
1261228768.2174
1261228768.2424
1261228768.2674
1261228768.2924
1261228768.3174
1261228768.3424
1261228768.3674
1261228768.3924
1261228768.4174
1261228768.4424
1261228768.4674
1261228768.4924
1261228768.5174
1261228768.5424
1261228768.5674
1261228768.5924
1261228768.6674
1261228768.6924
1261228768.7173
1261228768.7423
1261228768.7673
1261228768.7923
1261228768.8173
1261228768.8423
1261228768.8673
1261228768.8923
1261228768.9173
1261228768.9423
1261228768.9673
1261228768.9923
1261228769.0173
1261228769.0423
1261228769.0673
1261228769.0923
1261228769.1173
1261228769.1423
1261228769.1673
1261228769.1923
1261228769.2173
1261228769.2423
1261228769.2673
1261228769.2923
1261228769.3173
1261228769.3423
1261228769.3673
1261228769.3923
1261228769.4173
1261228769.4423
1261228769.4673
1261228769.4923
1261228769.5183
1261228769.5433
1261228769.5673
1261228769.6183
1261228769.6433
1261228769.6683
1261228769.6933
1261228769.7183
1261228769.7433
1261228769.7683
1261228769.7933
1261228769.8183
1261228769.8433
1261228769.8683
1261228769.8933
1261228769.9182
1261228769.9432
1261228769.9682
1261228769.9932
1261228770.0182
1261228770.0432
1261228770.0682
1261228770.0932
1261228770.1182
1261228770.1432
1261228770.1682
1261228770.1932
1261228770.2182
1261228770.2432
1261228770.2682
1261228770.2932
1261228770.3182
1261228770.3432
1261228770.3682
1261228770.3932
1261228770.4182
1261228770.4432
1261228770.4682
1261228770.4932
1261228770.5182
1261228770.5432
1261228770.5682
1261228770.5932
1261228770.6182
1261228770.6432
1261228770.6682
1261228770.6932
1261228770.7182
1261228770.7432
1261228770.7682
1261228770.7932
1261228770.8182
1261228770.8432
1261228770.8682
1261228770.8932
1261228770.9182
1261228770.9432
1261228770.9682
1261228770.9932
1261228771.0182
1261228771.0432
1261228771.0682
1261228771.0932
1261228771.1181
1261228771.1431
1261228771.1681
1261228771.1931
1261228771.2181
1261228771.2431
1261228771.2681
1261228771.2931
1261228771.3181
1261228771.3431
1261228771.3681
1261228771.3931
1261228771.4181
1261228771.4431
1261228771.4681
1261228771.4931
1261228771.5181
1261228771.5431
1261228771.5681
1261228771.5931
1261228771.6181
1261228771.6431
1261228771.6681
1261228771.6931
1261228771.7181
1261228771.7431
1261228771.7681
1261228771.7931
1261228771.8181
1261228771.8431
1261228771.8681
1261228771.8931
1261228771.9181
1261228771.9431
1261228771.9681
1261228771.9931
1261228772.0181
1261228772.0431
1261228772.0681
1261228772.0931
1261228772.1181
1261228772.1431
1261228772.1681
1261228772.1931
1261228772.2181
1261228772.2431
1261228772.2681
1261228772.2931
1261228772.3180
1261228772.3430
1261228772.3680
1261228772.3930
1261228772.4180
1261228772.4430
1261228772.4680
1261228772.4930
1261228772.5180
1261228772.5430
1261228772.5680
1261228772.5930
1261228772.6180
1261228772.6430
1261228772.6680
1261228772.6930
1261228772.7180
1261228772.7430
1261228772.7680
1261228772.7930
1261228772.8180
1261228772.8430
1261228772.8680
1261228772.8930
1261228772.9180
1261228772.9430
1261228772.9680
1261228772.9930
1261228773.0180
1261228773.0430
1261228773.0680
1261228773.0940
1261228773.1190
1261228773.1440
1261228773.1680
1261228773.1940
1261228773.2190
1261228773.2440
1261228773.2690
1261228773.2940
1261228773.3190
1261228773.3440
1261228773.3690
1261228773.3940
1261228773.4190
1261228773.4440
1261228773.4690
1261228773.4940
1261228773.5189
1261228773.5439
1261228773.5689
1261228773.5939
1261228773.6189
1261228773.6439
1261228773.6689
1261228773.6939
1261228773.7189
1261228773.7439
1261228773.7689
1261228773.7939
1261228773.8189
1261228773.8439
1261228773.8689
1261228773.8939
1261228773.9189
1261228773.9439
1261228773.9689
1261228773.9939
1261228774.0189
1261228774.0439
1261228774.0689
1261228774.0939
1261228774.1189
1261228774.1439
1261228774.1689
1261228774.1939
1261228774.2189
1261228774.2439
1261228774.2689
1261228774.2939
1261228774.3189
1261228774.3439
1261228774.3689
1261228774.3939
1261228774.4189
1261228774.4439
1261228774.4689
1261228774.4939
1261228774.5189
1261228774.5439
1261228774.5689
1261228774.5939
1261228774.6189
1261228774.6439
1261228774.6689
1261228774.6939
1261228774.7188
1261228774.7438
1261228774.7688
1261228774.7938
1261228774.8188
1261228774.8438
1261228774.8688
1261228774.8938
1261228774.9188
1261228774.9438
1261228774.9938
1261228775.0438
1261228775.0688
1261228775.0938
1261228775.1188
1261228775.1688
1261228775.1938
1261228775.2188
1261228775.2438
1261228775.2688
1261228775.2938
1261228775.3188
1261228775.3438
1261228775.3688
1261228775.3938
1261228775.4188
1261228775.4438
1261228775.4688
1261228775.4938
1261228775.5188
1261228775.5438
1261228775.5688
1261228775.5938
1261228775.6188
1261228775.6438
1261228775.6688
1261228775.6938
1261228775.7188
1261228775.7438
1261228775.7688
1261228775.7938
1261228775.8188
1261228775.8438
1261228775.8688
1261228775.8938
1261228775.9187
1261228775.9437
1261228775.9687
1261228775.9937
1261228776.0187
1261228776.0437
1261228776.0687
1261228776.0937
1261228776.1187
1261228776.1437
1261228776.1687
1261228776.1937
1261228776.2187
1261228776.2437
1261228776.2687
1261228776.2937
1261228776.3187
1261228776.3437
1261228776.3687
1261228776.3937
1261228776.4187
1261228776.4437
1261228776.4687
1261228776.4937
1261228776.5187
1261228776.5437
1261228776.5687
1261228776.5937
1261228776.6187
1261228776.6437
1261228776.6687
1261228776.6937
1261228776.7187
1261228776.7437
1261228776.7687
1261228776.7937
1261228776.8187
1261228776.8437
1261228776.8687
1261228776.8937
1261228776.9187
1261228776.9437
1261228776.9687
1261228776.9937
1261228777.0187
1261228777.0437
1261228777.0687
1261228777.0937
1261228777.1186
1261228777.1436
1261228777.1686
1261228777.1936
1261228777.2186
1261228777.2436
1261228777.2686
1261228777.2936
1261228777.3196
1261228777.3446
1261228777.3696
1261228777.3946
1261228777.4196
1261228777.4446
1261228777.4696
1261228777.4946
1261228777.5196
1261228777.5446
1261228777.5696
1261228777.5936
1261228777.6196
1261228777.6446
1261228777.6696
1261228777.6946
1261228777.7196
1261228777.7446
1261228777.7696
1261228777.7946
1261228777.8196
1261228777.8446
1261228777.8696
1261228777.8946
1261228777.9196
1261228777.9446
1261228777.9696
1261228777.9946
1261228778.0196
1261228778.0446
1261228778.0696
1261228778.0946
1261228778.1196
1261228778.1446
1261228778.1696
1261228778.1946
1261228778.2196
1261228778.2446
1261228778.2696
1261228778.2946
1261228778.3195
1261228778.3445
1261228778.3695
1261228778.3945
1261228778.4195
1261228778.4445
1261228778.4695
1261228778.4945
1261228778.5195
1261228778.5445
1261228778.5695
1261228778.5945
1261228778.6195
1261228778.6445
1261228778.6695
1261228778.6945
1261228778.7195
1261228778.7445
1261228778.7695
1261228778.7945
1261228778.8195
1261228778.8445
1261228778.8695
1261228778.8945
1261228778.9195
1261228778.9445
1261228778.9695
1261228778.9945
1261228779.0195
1261228779.0445
1261228779.0695
1261228779.0945
1261228779.1195
1261228779.1445
1261228779.1695
1261228779.1945
1261228779.2195
1261228779.2445
1261228779.2695
1261228779.2945
1261228779.3195
1261228779.3445
1261228779.3695
1261228779.3945
1261228779.4195
1261228779.4445
1261228779.4695
1261228779.4945
1261228779.5194
1261228779.5444
1261228779.5694
1261228779.5944
1261228779.6194
1261228779.6444
1261228779.6694
1261228779.6944
1261228779.7194
1261228779.7444
1261228779.7694
1261228779.7944
1261228779.8194
1261228779.8444
1261228779.8694
1261228779.8944
1261228779.9194
1261228779.9444
1261228779.9694
1261228779.9944
1261228780.0194
1261228780.0444
1261228780.0694
1261228780.0944
1261228780.1194
1261228780.1444
1261228780.1694
1261228780.1944
1261228780.2194
1261228780.2444
1261228780.2694
1261228780.2944
1261228780.3194
1261228780.3444
1261228780.3694
1261228780.3944
1261228780.4194
1261228780.4444
1261228780.4694
1261228780.4944
1261228780.5194
1261228780.5444
1261228780.5694
1261228780.5944
1261228780.6194
1261228780.6444
1261228780.6694
1261228780.6944
1261228780.7193
1261228780.7443
1261228780.7693
1261228780.7943
1261228780.8193
1261228780.8443
1261228780.8693
1261228780.8943
1261228780.9193
1261228780.9443
1261228780.9693
1261228780.9943
1261228781.0193
1261228781.0443
1261228781.0693
1261228781.0943
1261228781.1193
1261228781.1443
1261228781.1693
1261228781.1943
1261228781.2193
1261228781.2443
1261228781.2693
1261228781.2943
1261228781.3193
1261228781.3443
1261228781.3693
1261228781.3943
1261228781.4193
1261228781.4443
1261228781.4693
1261228781.4943
1261228781.5193
1261228781.5443
1261228781.5693
1261228781.5943
1261228781.6193
1261228781.6443
1261228781.6693
1261228781.6943
1261228781.7193
1261228781.7443
1261228781.7693
1261228781.7943
1261228781.8193
1261228781.8443
1261228781.8693
1261228781.8943
1261228781.9192
1261228781.9442
1261228781.9692
1261228781.9942
1261228782.0192
1261228782.0442
1261228782.0692
1261228782.0942
1261228782.1192
1261228782.1442
1261228782.1692
1261228782.1942
1261228782.2192
1261228782.2442
1261228782.2692
1261228782.2942
1261228782.3192
1261228782.3442
1261228782.3692
1261228782.3942
1261228782.4192
1261228782.4442
1261228782.4692
1261228782.4942
1261228782.5192
1261228782.5442
1261228782.5692
1261228782.5942
1261228782.6192
1261228782.6442
1261228782.6692
1261228782.6942
1261228782.7192
1261228782.7442
1261228782.7692
1261228782.7942
1261228782.8202
1261228782.8452
1261228782.8692
1261228782.8942
1261228782.9192
1261228782.9442
1261228782.9702
1261228782.9952
1261228783.0202
1261228783.0452
1261228783.0702
1261228783.0952
1261228783.1201
1261228783.1451
1261228783.1701
1261228783.1951
1261228783.2201
1261228783.2451
1261228783.2691
1261228783.2951
1261228783.3201
1261228783.3451
1261228783.3701
1261228783.3951
1261228783.4201
1261228783.4451
1261228783.4701
1261228783.4951
1261228783.5201
1261228783.5451
1261228783.5701
1261228783.5951
1261228783.6201
1261228783.6451
1261228783.6701
1261228783.6951
1261228783.7201
1261228783.7451
1261228783.7701
1261228783.7951
1261228783.8201
1261228783.8451
1261228783.8701
1261228783.8951
1261228783.9201
1261228783.9451
1261228783.9701
1261228783.9951
1261228784.0201
1261228784.0451
1261228784.0701
1261228784.0951
1261228784.1201
1261228784.1451
1261228784.1701
1261228784.1951
1261228784.2201
1261228784.2451
1261228784.2701
1261228784.2951
1261228784.3200
1261228784.3450
1261228784.3700
1261228784.3950
1261228784.4200
1261228784.4450
1261228784.4700
1261228784.4950
1261228784.5200
1261228784.5450
1261228784.5700
1261228784.5950
1261228784.6200
1261228784.6450
1261228784.6700
1261228784.6950
1261228784.7200
1261228784.7450
1261228784.7700
1261228784.8200
1261228784.8450
1261228784.8700
1261228784.8950
1261228784.9200
1261228784.9450
1261228784.9700
1261228784.9950
1261228785.0200
1261228785.0450
1261228785.0700
1261228785.0950
1261228785.1200
1261228785.1450
1261228785.1700
1261228785.1950
1261228785.2200
1261228785.2450
1261228785.2700
1261228785.2950
1261228785.3200
1261228785.3450
1261228785.3700
1261228785.3950
1261228785.4200
1261228785.4450
1261228785.4700
1261228785.4950
1261228785.5199
1261228785.5449
1261228785.5699
1261228785.5949
1261228785.6199
1261228785.6449
1261228785.6699
1261228785.6949
1261228785.7199
1261228785.7449
1261228785.7699
1261228785.7949
1261228785.8199
1261228785.8449
1261228785.8699
1261228785.8949
1261228785.9199
1261228785.9449
1261228785.9699
1261228785.9949
1261228786.0199
1261228786.0449
1261228786.0699
1261228786.0949
1261228786.1199
1261228786.1449
1261228786.1699
1261228786.1949
1261228786.2199
1261228786.2449
1261228786.2699
1261228786.2949
1261228786.3199
1261228786.3449
1261228786.3699
1261228786.3949
1261228786.4199
1261228786.4449
1261228786.4699
1261228786.4949
1261228786.5199
1261228786.5449
1261228786.5699
1261228786.5949
1261228786.6199
1261228786.6449
1261228786.6699
1261228786.6949
1261228786.7198
1261228786.7448
1261228786.7698
1261228786.7948
1261228786.8198
1261228786.8448
1261228786.8698
1261228786.8948
1261228786.9198
1261228786.9448
1261228786.9698
1261228786.9948
1261228787.0198
1261228787.0448
1261228787.0698
1261228787.0948
1261228787.1198
1261228787.1448
1261228787.1698
1261228787.1948
1261228787.2198
1261228787.2448
1261228787.2698
1261228787.2948
1261228787.3198
1261228787.3448
1261228787.3698
1261228787.3948
1261228787.4198
1261228787.4448
1261228787.4698
1261228787.4948
1261228787.5198
1261228787.5448
1261228787.5698
1261228787.5948
1261228787.6198
1261228787.6448
1261228787.6698
1261228787.6948
1261228787.7198
1261228787.7448
1261228787.7698
1261228787.7948
1261228787.8198
1261228787.8448
1261228787.8698
1261228787.8948
1261228787.9197
1261228787.9447
1261228787.9697
1261228787.9947
1261228788.0197
1261228788.0447
1261228788.0697
1261228788.0947
1261228788.1197
1261228788.1447
1261228788.1697
1261228788.1947
1261228788.2197
1261228788.2447
1261228788.2697
1261228788.2947
1261228788.3197
1261228788.3447
1261228788.3697
1261228788.3947
1261228788.4197
1261228788.4447
1261228788.4697
1261228788.4947
1261228788.5197
1261228788.5447
1261228788.5697
1261228788.5947
1261228788.6197
1261228788.6447
1261228788.6697
1261228788.6947
1261228788.7197
1261228788.7447
1261228788.7697
1261228788.7947
1261228788.8197
1261228788.8447
1261228788.8697
1261228788.8947
1261228788.9197
1261228788.9447
1261228788.9697
1261228788.9947
1261228789.0197
1261228789.0447
1261228789.0697
1261228789.0947
1261228789.1196
1261228789.1446
1261228789.1696
1261228789.1946
1261228789.2196
1261228789.2446
1261228789.2696
1261228789.2946
1261228789.3196
1261228789.3446
