1261228749.9265
1261228749.9515
1261228749.9765
1261228750.0014
1261228750.0264
1261228750.0514
1261228750.0764
1261228750.1014
1261228750.1264
1261228750.1514
1261228750.1764
1261228750.2014
1261228750.2264
1261228750.2524
1261228750.2764
1261228750.3024
1261228750.3274
1261228750.3524
1261228750.3774
1261228750.4024
1261228750.4274
1261228750.4524
1261228750.4774
1261228750.5024
1261228750.5274
1261228750.5524
1261228750.5774
1261228750.6024
1261228750.6274
1261228750.6524
1261228750.6774
1261228750.7024
1261228750.7284
1261228750.7534
1261228750.7784
1261228750.8034
1261228750.8284
1261228750.8534
1261228750.8784
1261228750.9034
1261228750.9284
1261228750.9534
1261228750.9784
1261228751.0034
1261228751.0284
1261228751.0534
1261228751.0784
1261228751.1034
1261228751.1284
1261228751.1534
1261228751.1784
1261228751.2043
1261228751.2293
1261228751.2543
1261228751.2793
1261228751.3043
1261228751.3293
1261228751.3543
1261228751.3793
1261228751.4043
1261228751.4293
1261228751.4543
1261228751.4793
1261228751.5043
1261228751.5293
1261228751.5543
1261228751.5793
1261228751.6043
1261228751.6293
1261228751.6543
1261228751.6803
1261228751.7053
1261228751.7303
1261228751.7553
1261228751.7803
1261228751.8053
1261228751.8303
1261228751.8553
1261228751.8803
1261228751.9053
1261228751.9303
1261228751.9553
1261228751.9803
1261228752.0053
1261228752.0303
1261228752.0553
1261228752.0803
1261228752.1053
1261228752.1303
1261228752.1563
1261228752.1813
1261228752.2063
1261228752.2313
1261228752.2563
1261228752.2813
1261228752.3063
1261228752.3313
1261228752.3563
1261228752.3813
1261228752.4062
1261228752.4312
1261228752.4562
1261228752.4812
1261228752.5062
1261228752.5312
1261228752.5562
1261228752.5812
1261228752.6062
1261228752.6322
1261228752.6572
1261228752.6822
1261228752.7072
1261228752.7322
1261228752.7572
1261228752.7822
1261228752.8072
1261228752.8322
1261228752.8572
1261228752.8822
1261228752.9072
1261228752.9322
1261228752.9572
1261228752.9822
1261228753.0072
1261228753.0322
1261228753.0572
1261228753.0822
1261228753.1082
1261228753.1322
1261228753.1582
1261228753.1832
1261228753.2082
1261228753.2332
1261228753.2582
1261228753.2832
1261228753.3082
1261228753.3332
1261228753.3582
1261228753.3832
1261228753.4082
1261228753.4332
1261228753.4582
1261228753.4832
1261228753.5082
1261228753.5332
1261228753.5582
1261228753.5832
1261228753.6091
1261228753.6341
1261228753.6591
1261228753.6841
1261228753.7091
1261228753.7341
1261228753.7591
1261228753.7841
1261228753.8091
1261228753.8341
1261228753.8591
1261228753.8841
1261228753.9091
1261228753.9341
1261228753.9591
1261228753.9841
1261228754.0091
1261228754.0341
1261228754.0591
1261228754.0851
1261228754.1091
1261228754.1351
1261228754.1601
1261228754.1851
1261228754.2101
1261228754.2351
1261228754.2601
1261228754.2851
1261228754.3101
1261228754.3351
1261228754.3601
1261228754.3851
1261228754.4101
1261228754.4351
1261228754.4601
1261228754.4851
1261228754.5101
1261228754.5351
1261228754.5611
1261228754.5861
1261228754.6111
1261228754.6361
1261228754.6611
1261228754.6861
1261228754.7111
1261228754.7361
1261228754.7611
1261228754.7861
1261228754.8110
1261228754.8360
1261228754.8610
1261228754.8860
1261228754.9110
1261228754.9360
1261228754.9610
1261228754.9860
1261228755.0110
1261228755.0370
1261228755.0620
1261228755.0870
1261228755.1120
1261228755.1370
1261228755.1620
1261228755.1870
1261228755.2120
1261228755.2370
1261228755.2620
1261228755.2870
1261228755.3120
1261228755.3370
1261228755.3620
1261228755.3870
1261228755.4120
1261228755.4370
1261228755.4620
1261228755.4870
1261228755.5120
1261228755.5380
1261228755.5620
1261228755.5880
1261228755.6130
1261228755.6380
1261228755.6630
1261228755.6880
1261228755.7130
1261228755.7380
1261228755.7630
1261228755.7880
1261228755.8130
1261228755.8380
1261228755.8630
1261228755.8880
1261228755.9130
1261228755.9380
1261228755.9630
1261228755.9880
1261228756.0139
1261228756.0389
1261228756.0639
1261228756.0889
1261228756.1139
1261228756.1389
1261228756.1639
1261228756.1889
1261228756.2139
1261228756.2389
1261228756.2639
1261228756.2889
1261228756.3139
1261228756.3389
1261228756.3639
1261228756.3889
1261228756.4139
1261228756.4389
1261228756.4639
1261228756.4899
1261228756.5149
1261228756.5389
1261228756.5649
1261228756.5899
1261228756.6149
1261228756.6399
1261228756.6649
1261228756.6899
1261228756.7149
1261228756.7399
1261228756.7649
1261228756.7899
1261228756.8149
1261228756.8399
1261228756.8649
1261228756.8899
1261228756.9149
1261228756.9399
1261228756.9649
1261228756.9909
1261228757.0159
1261228757.0409
1261228757.0659
1261228757.0909
1261228757.1159
1261228757.1409
1261228757.1659
1261228757.1909
1261228757.2158
1261228757.2408
1261228757.2658
1261228757.2908
1261228757.3158
1261228757.3408
1261228757.3658
1261228757.3908
1261228757.4158
1261228757.4408
1261228757.4668
1261228757.4918
1261228757.5168
1261228757.5418
1261228757.5668
1261228757.5918
1261228757.6168
1261228757.6418
1261228757.6668
1261228757.6918
1261228757.7168
1261228757.7418
1261228757.7668
1261228757.7918
1261228757.8168
1261228757.8418
1261228757.8668
1261228757.8918
1261228757.9168
1261228757.9418
1261228757.9678
1261228757.9928
1261228758.0178
1261228758.0428
1261228758.0678
1261228758.0928
1261228758.1178
1261228758.1428
1261228758.1678
1261228758.1928
1261228758.2178
1261228758.2428
1261228758.2678
1261228758.2928
1261228758.3178
1261228758.3428
1261228758.3678
1261228758.3928
1261228758.4177
1261228758.4427
1261228758.4687
1261228758.4927
1261228758.5187
1261228758.5437
1261228758.5687
1261228758.5937
1261228758.6187
1261228758.6437
1261228758.6937
1261228758.7187
1261228758.7437
1261228758.7687
1261228758.7937
1261228758.8187
1261228758.8437
1261228758.8687
1261228758.8937
1261228758.9187
1261228758.9437
1261228758.9697
1261228758.9937
1261228759.0197
1261228759.0447
1261228759.0697
1261228759.0947
1261228759.1197
1261228759.1447
1261228759.1697
1261228759.1947
1261228759.2197
1261228759.2447
1261228759.2697
1261228759.2947
1261228759.3197
1261228759.3447
1261228759.3697
1261228759.4197
1261228759.4457
1261228759.4707
1261228759.4957
1261228759.5207
1261228759.5457
1261228759.5707
1261228759.5956
1261228759.6206
1261228759.6456
1261228759.6706
1261228759.6956
1261228759.7206
1261228759.7456
1261228759.7706
1261228759.7956
1261228759.8206
1261228759.8456
1261228759.8706
1261228759.8956
1261228759.9206
1261228759.9456
1261228759.9716
1261228759.9966
1261228760.0216
1261228760.0466
1261228760.0716
1261228760.0966
1261228760.1216
1261228760.1466
1261228760.1716
1261228760.1966
1261228760.2216
1261228760.2466
1261228760.2716
1261228760.2966
1261228760.3216
1261228760.3466
1261228760.3716
1261228760.3966
1261228760.4216
1261228760.4476
1261228760.4726
1261228760.4976
1261228760.5226
1261228760.5476
1261228760.5726
1261228760.5976
1261228760.6226
1261228760.6476
1261228760.6726
1261228760.6976
1261228760.7226
1261228760.7476
1261228760.7726
1261228760.7975
1261228760.8225
1261228760.8475
1261228760.8725
1261228760.8975
1261228760.9225
1261228760.9485
1261228760.9735
1261228760.9985
1261228761.0235
1261228761.0485
1261228761.0735
1261228761.0985
1261228761.1235
1261228761.1485
1261228761.1735
1261228761.1985
1261228761.2235
1261228761.2485
1261228761.2735
1261228761.2985
1261228761.3235
1261228761.3485
1261228761.3735
1261228761.3985
1261228761.4235
1261228761.4495
1261228761.4745
1261228761.4995
1261228761.5245
1261228761.5495
1261228761.5745
1261228761.5995
1261228761.6245
1261228761.6495
1261228761.6745
1261228761.6995
1261228761.7245
1261228761.7495
1261228761.7745
1261228761.7995
1261228761.8245
1261228761.8495
1261228761.8745
1261228761.8995
1261228761.9255
1261228761.9505
1261228761.9755
1261228762.0004
1261228762.0254
1261228762.0504
1261228762.0754
1261228762.1004
1261228762.1254
1261228762.1504
1261228762.1754
1261228762.2004
1261228762.2254
1261228762.2504
1261228762.2754
1261228762.3004
1261228762.3254
1261228762.3504
1261228762.3754
1261228762.4004
1261228762.4254
1261228762.4514
1261228762.4764
1261228762.5014
1261228762.5264
1261228762.5514
1261228762.5764
1261228762.6014
1261228762.6264
1261228762.6514
1261228762.6764
1261228762.7014
1261228762.7264
1261228762.7514
1261228762.7764
1261228762.8014
1261228762.8264
1261228762.8514
1261228762.8764
1261228762.9014
1261228762.9264
1261228762.9524
1261228762.9774
1261228763.0024
1261228763.0274
1261228763.0524
1261228763.0774
1261228763.1024
1261228763.1274
1261228763.1524
1261228763.1774
1261228763.2023
1261228763.2273
1261228763.2523
1261228763.2773
1261228763.3023
1261228763.3273
1261228763.3523
1261228763.3773
1261228763.4023
1261228763.4273
1261228763.4523
1261228763.4783
1261228763.5033
1261228763.5283
1261228763.5533
1261228763.5783
1261228763.6033
1261228763.6283
1261228763.6533
1261228763.6783
1261228763.7033
1261228763.7283
1261228763.7533
1261228763.7783
1261228763.8033
1261228763.8283
1261228763.8533
1261228763.8783
1261228763.9033
1261228763.9283
1261228763.9533
1261228763.9793
1261228764.0043
1261228764.0293
1261228764.0543
1261228764.0793
1261228764.1043
1261228764.1293
1261228764.1543
1261228764.1793
1261228764.2043
1261228764.2293
1261228764.2543
1261228764.2793
1261228764.3043
1261228764.3293
1261228764.3543
1261228764.3793
1261228764.4042
1261228764.4292
1261228764.4552
1261228764.4802
1261228764.5052
1261228764.5302
1261228764.5552
1261228764.5802
1261228764.6052
1261228764.6302
1261228764.6552
1261228764.6802
1261228764.7052
1261228764.7302
1261228764.7552
1261228764.7802
1261228764.8052
1261228764.8302
1261228764.8552
1261228764.8802
1261228764.9052
1261228764.9302
1261228764.9552
1261228764.9802
1261228765.0062
1261228765.0312
1261228765.0562
1261228765.0812
1261228765.1062
1261228765.1312
1261228765.1562
1261228765.1812
1261228765.2062
1261228765.2312
1261228765.2562
1261228765.2812
1261228765.3062
1261228765.3312
1261228765.3562
1261228765.3812
1261228765.4062
1261228765.4312
1261228765.4562
1261228765.4822
1261228765.5072
1261228765.5322
1261228765.5572
1261228765.5822
1261228765.6071
1261228765.6321
1261228765.6571
1261228765.6821
1261228765.7071
1261228765.7321
1261228765.7571
1261228765.7821
1261228765.8071
1261228765.8321
1261228765.8571
1261228765.8821
1261228765.9071
1261228765.9321
1261228765.9571
1261228765.9821
1261228766.0081
1261228766.0331
1261228766.0581
1261228766.0831
1261228766.1081
1261228766.1331
1261228766.1581
1261228766.1831
1261228766.2081
1261228766.2331
1261228766.2581
1261228766.2831
1261228766.3081
1261228766.3331
1261228766.3581
1261228766.3831
1261228766.4081
1261228766.4331
1261228766.4581
1261228766.4831
1261228766.5081
1261228766.5341
1261228766.5591
1261228766.5841
1261228766.6091
1261228766.6341
1261228766.6591
1261228766.6841
1261228766.7091
1261228766.7341
1261228766.7591
1261228766.7841
1261228766.8090
1261228766.8340
1261228766.8590
1261228766.8840
1261228766.9090
1261228766.9340
1261228766.9590
1261228766.9840
1261228767.0100
1261228767.0340
1261228767.0600
1261228767.0850
1261228767.1100
1261228767.1350
1261228767.1600
1261228767.1850
1261228767.2100
1261228767.2350
1261228767.2600
1261228767.2850
1261228767.3100
1261228767.3350
1261228767.3600
1261228767.3850
1261228767.4100
1261228767.4350
1261228767.4600
1261228767.4850
1261228767.5100
1261228767.5360
1261228767.5610
1261228767.5850
1261228767.6110
1261228767.6360
1261228767.6610
1261228767.6860
1261228767.7110
1261228767.7360
1261228767.7610
1261228767.7860
1261228767.8110
1261228767.8360
1261228767.8610
1261228767.8860
1261228767.9110
1261228767.9360
1261228767.9610
1261228767.9860
1261228768.0109
1261228768.0359
1261228768.0619
1261228768.0869
1261228768.1109
1261228768.1369
1261228768.1619
1261228768.1869
1261228768.2119
1261228768.2369
1261228768.2619
1261228768.2869
1261228768.3119
1261228768.3369
1261228768.3619
1261228768.3869
1261228768.4119
1261228768.4369
1261228768.4619
1261228768.4869
1261228768.5119
1261228768.5369
1261228768.5619
1261228768.5879
1261228768.6129
1261228768.6379
1261228768.6629
1261228768.6879
1261228768.7129
1261228768.7379
1261228768.7629
1261228768.7879
1261228768.8129
1261228768.8379
1261228768.8629
1261228768.8879
1261228768.9129
1261228768.9379
1261228768.9629
1261228768.9879
1261228769.0129
1261228769.0379
1261228769.0629
1261228769.0889
1261228769.1139
1261228769.1389
1261228769.1639
1261228769.1889
1261228769.2138
1261228769.2388
1261228769.2638
1261228769.2888
1261228769.3138
1261228769.3388
1261228769.3638
1261228769.3888
1261228769.4138
1261228769.4388
1261228769.4638
1261228769.4888
1261228769.5138
1261228769.5388
1261228769.5638
1261228769.5888
1261228769.6148
1261228769.6398
1261228769.6648
1261228769.6898
1261228769.7148
1261228769.7398
1261228769.7648
1261228769.7898
1261228769.8148
1261228769.8398
1261228769.8648
1261228769.8898
1261228769.9148
1261228769.9398
1261228769.9648
1261228769.9898
1261228770.0148
1261228770.0398
1261228770.0648
1261228770.0898
1261228770.1148
1261228770.1408
1261228770.1648
1261228770.1908
1261228770.2158
1261228770.2408
1261228770.2658
1261228770.2908
1261228770.3158
1261228770.3408
1261228770.3658
1261228770.3908
1261228770.4157
1261228770.4407
1261228770.4657
1261228770.4907
1261228770.5157
1261228770.5407
1261228770.5657
1261228770.5907
1261228770.6157
1261228770.6407
1261228770.6667
1261228770.6917
1261228770.7167
1261228770.7417
1261228770.7667
1261228770.7917
1261228770.8167
1261228770.8417
1261228770.8667
1261228770.8917
1261228770.9167
1261228770.9417
1261228770.9667
1261228770.9917
1261228771.0167
1261228771.0417
1261228771.0667
1261228771.0917
1261228771.1167
1261228771.1417
1261228771.1667
1261228771.1927
1261228771.2177
1261228771.2427
1261228771.2677
1261228771.2927
1261228771.3177
1261228771.3427
1261228771.3677
1261228771.3927
1261228771.4177
1261228771.4427
1261228771.4677
1261228771.4927
1261228771.5177
1261228771.5427
1261228771.5677
1261228771.5927
1261228771.6176
1261228771.6426
1261228771.6676
1261228771.6926
1261228771.7176
1261228771.7436
1261228771.7686
1261228771.7936
1261228771.8186
1261228771.8436
1261228771.8686
1261228771.8936
1261228771.9186
1261228771.9436
1261228771.9686
1261228771.9936
1261228772.0186
1261228772.0436
1261228772.0686
1261228772.0936
1261228772.1186
1261228772.1436
1261228772.1686
1261228772.1936
1261228772.2186
1261228772.2436
1261228772.2696
1261228772.2946
1261228772.3196
1261228772.3446
1261228772.3696
1261228772.3946
1261228772.4196
1261228772.4446
1261228772.4696
1261228772.4946
1261228772.5196
1261228772.5446
1261228772.5696
1261228772.5946
1261228772.6196
1261228772.6446
1261228772.6696
1261228772.6946
1261228772.7196
1261228772.7446
1261228772.7696
1261228772.7955
1261228772.8205
1261228772.8455
1261228772.8705
1261228772.8955
1261228772.9205
1261228772.9455
1261228772.9705
1261228772.9955
1261228773.0205
1261228773.0455
1261228773.0705
1261228773.0955
1261228773.1205
1261228773.1455
1261228773.1705
1261228773.1955
1261228773.2205
1261228773.2455
1261228773.2705
1261228773.2955
1261228773.3205
1261228773.3465
1261228773.3715
1261228773.3965
1261228773.4215
1261228773.4465
1261228773.4715
1261228773.4965
1261228773.5215
1261228773.5465
1261228773.5715
1261228773.5965
1261228773.6215
1261228773.6465
1261228773.6715
1261228773.6965
1261228773.7215
1261228773.7465
1261228773.7715
1261228773.7965
1261228773.8215
1261228773.8465
1261228773.8715
1261228773.8975
1261228773.9225
1261228773.9475
1261228773.9725
1261228773.9974
1261228774.0224
1261228774.0474
1261228774.0724
1261228774.0974
1261228774.1224
1261228774.1474
1261228774.1724
1261228774.1974
1261228774.2224
1261228774.2474
1261228774.2724
1261228774.2974
1261228774.3224
1261228774.3474
1261228774.3724
1261228774.3984
1261228774.4234
1261228774.4484
1261228774.4734
1261228774.4984
1261228774.5234
1261228774.5484
1261228774.5734
1261228774.5984
1261228774.6234
1261228774.6484
1261228774.6734
1261228774.6984
1261228774.7234
1261228774.7484
1261228774.7734
1261228774.7984
1261228774.8234
1261228774.8484
1261228774.8984
1261228774.9234
1261228774.9484
1261228774.9744
1261228774.9994
1261228775.0244
1261228775.0494
1261228775.0744
1261228775.0994
1261228775.1244
1261228775.1494
1261228775.1744
1261228775.1993
1261228775.2243
1261228775.2493
1261228775.2743
1261228775.2993
1261228775.3243
1261228775.3493
1261228775.3743
1261228775.3993
1261228775.4493
1261228775.4743
1261228775.5003
1261228775.5253
1261228775.5503
1261228775.5753
1261228775.6003
1261228775.6253
1261228775.6503
1261228775.6753
1261228775.7003
1261228775.7253
1261228775.7503
1261228775.7753
1261228775.8003
1261228775.8253
1261228775.8503
1261228775.8753
1261228775.9003
1261228775.9253
1261228775.9503
1261228775.9753
1261228776.0003
1261228776.0263
1261228776.0513
1261228776.0763
1261228776.1013
1261228776.1263
1261228776.1513
1261228776.1763
1261228776.2013
1261228776.2263
1261228776.2513
1261228776.2763
1261228776.3013
1261228776.3263
1261228776.3513
1261228776.3763
1261228776.4012
1261228776.4262
1261228776.4512
1261228776.4762
1261228776.5012
1261228776.5262
1261228776.5512
1261228776.5772
1261228776.6022
1261228776.6272
1261228776.6522
1261228776.6772
1261228776.7022
1261228776.7272
1261228776.7522
1261228776.7772
1261228776.8022
1261228776.8272
1261228776.8522
1261228776.8772
1261228776.9022
1261228776.9272
1261228776.9522
1261228776.9772
1261228777.0022
1261228777.0272
1261228777.0522
1261228777.0772
1261228777.1022
1261228777.1282
1261228777.1532
1261228777.1782
1261228777.2032
1261228777.2282
1261228777.2532
1261228777.2782
1261228777.3032
1261228777.3282
1261228777.3532
1261228777.3782
1261228777.4032
1261228777.4282
1261228777.4532
1261228777.4782
1261228777.5032
1261228777.5282
1261228777.5532
1261228777.5782
1261228777.6031
1261228777.6281
1261228777.6531
1261228777.6791
1261228777.7041
1261228777.7291
1261228777.7541
1261228777.7791
1261228777.8041
1261228777.8291
1261228777.8541
1261228777.8791
1261228777.9041
1261228777.9291
1261228777.9541
1261228777.9791
1261228778.0041
1261228778.0291
1261228778.0541
1261228778.0791
1261228778.1041
1261228778.1291
1261228778.1541
1261228778.1791
1261228778.2041
1261228778.2301
1261228778.2551
1261228778.2801
1261228778.3051
1261228778.3301
1261228778.3551
1261228778.3801
1261228778.4051
1261228778.4301
1261228778.4551
1261228778.4801
1261228778.5051
1261228778.5301
1261228778.5551
1261228778.5801
1261228778.6051
1261228778.6301
1261228778.6551
1261228778.6801
1261228778.7051
1261228778.7301
1261228778.7551
1261228778.7811
1261228778.8060
1261228778.8310
1261228778.8560
1261228778.8810
1261228778.9060
1261228778.9310
1261228778.9560
1261228778.9810
1261228779.0060
1261228779.0310
1261228779.0560
1261228779.0810
1261228779.1060
1261228779.1310
1261228779.1560
1261228779.1810
1261228779.2060
1261228779.2310
1261228779.2560
1261228779.2810
1261228779.3060
1261228779.3320
1261228779.3570
1261228779.3820
1261228779.4070
1261228779.4320
1261228779.4570
1261228779.4820
1261228779.5070
1261228779.5320
1261228779.5570
1261228779.5820
1261228779.6070
1261228779.6320
1261228779.6570
1261228779.6820
1261228779.7070
1261228779.7320
1261228779.7570
1261228779.7820
1261228779.8070
1261228779.8320
1261228779.8570
1261228779.8820
1261228779.9080
1261228779.9330
1261228779.9580
1261228779.9830
1261228780.0079
1261228780.0329
1261228780.0579
1261228780.0829
1261228780.1079
1261228780.1329
1261228780.1579
1261228780.1829
1261228780.2079
1261228780.2329
1261228780.2579
1261228780.2829
1261228780.3079
1261228780.3329
1261228780.3579
1261228780.3829
1261228780.4089
1261228780.4339
1261228780.4589
1261228780.4839
1261228780.5089
1261228780.5339
1261228780.5589
1261228780.5839
1261228780.6089
1261228780.6339
1261228780.6589
1261228780.6839
1261228780.7089
1261228780.7339
1261228780.7589
1261228780.7839
1261228780.8089
1261228780.8339
1261228780.8589
1261228780.8839
1261228780.9089
1261228780.9339
1261228780.9599
1261228780.9849
1261228781.0099
1261228781.0349
1261228781.0599
1261228781.0849
1261228781.1099
1261228781.1349
1261228781.1599
1261228781.1849
1261228781.2098
1261228781.2348
1261228781.2598
1261228781.2848
1261228781.3098
1261228781.3348
1261228781.3598
1261228781.3848
1261228781.4098
1261228781.4348
1261228781.4598
1261228781.4848
1261228781.5108
1261228781.5358
1261228781.5608
1261228781.5858
1261228781.6108
1261228781.6358
1261228781.6608
1261228781.6858
1261228781.7108
1261228781.7358
1261228781.7608
1261228781.7858
1261228781.8108
1261228781.8358
1261228781.8608
1261228781.8858
1261228781.9108
1261228781.9358
1261228781.9608
1261228781.9858
1261228782.0108
1261228782.0358
1261228782.0608
1261228782.0868
1261228782.1118
1261228782.1368
1261228782.1618
1261228782.1868
1261228782.2118
1261228782.2368
1261228782.2618
1261228782.2868
1261228782.3118
1261228782.3368
1261228782.3618
1261228782.3868
1261228782.4117
1261228782.4367
1261228782.4617
1261228782.4867
1261228782.5117
1261228782.5367
1261228782.5617
1261228782.5867
1261228782.6127
1261228782.6377
1261228782.6627
1261228782.6877
1261228782.7127
1261228782.7377
1261228782.7627
1261228782.7877
1261228782.8127
1261228782.8377
1261228782.8627
1261228782.8877
1261228782.9127
1261228782.9377
1261228782.9627
1261228782.9877
1261228783.0127
1261228783.0377
1261228783.0627
1261228783.0877
1261228783.1127
1261228783.1377
1261228783.1627
1261228783.1887
1261228783.2137
1261228783.2387
1261228783.2637
1261228783.2887
1261228783.3137
1261228783.3387
1261228783.3637
1261228783.3887
1261228783.4137
1261228783.4387
1261228783.4637
1261228783.4887
1261228783.5137
1261228783.5387
1261228783.5637
1261228783.5887
1261228783.6136
1261228783.6386
1261228783.6636
1261228783.6886
1261228783.7136
1261228783.7396
1261228783.7646
1261228783.7896
1261228783.8146
1261228783.8396
1261228783.8646
1261228783.8896
1261228783.9146
1261228783.9396
1261228783.9646
1261228783.9896
1261228784.0146
1261228784.0396
1261228784.0646
1261228784.0896
1261228784.1146
1261228784.1396
1261228784.1646
1261228784.1896
1261228784.2146
1261228784.2396
1261228784.2646
1261228784.2896
1261228784.3156
1261228784.3406
1261228784.3656
1261228784.3906
1261228784.4156
1261228784.4406
1261228784.4656
1261228784.4906
1261228784.5156
1261228784.5406
1261228784.5656
1261228784.5906
1261228784.6156
1261228784.6406
1261228784.6656
1261228784.6906
1261228784.7156
1261228784.7406
1261228784.7656
1261228784.7906
1261228784.8155
1261228784.8405
1261228784.8665
1261228784.8915
1261228784.9165
1261228784.9415
1261228784.9665
1261228784.9915
1261228785.0165
1261228785.0415
1261228785.0665
1261228785.0915
1261228785.1165
1261228785.1415
1261228785.1665
1261228785.1915
1261228785.2165
1261228785.2415
1261228785.2665
1261228785.2915
1261228785.3165
1261228785.3415
1261228785.3665
1261228785.3915
1261228785.4165
1261228785.4425
1261228785.4675
1261228785.4925
1261228785.5175
1261228785.5425
1261228785.5675
1261228785.5925
1261228785.6175
1261228785.6425
1261228785.6675
1261228785.6925
1261228785.7175
1261228785.7425
1261228785.7675
1261228785.7925
1261228785.8175
1261228785.8425
1261228785.8675
1261228785.8925
1261228785.9175
1261228785.9425
1261228785.9675
1261228785.9925
1261228786.0184
1261228786.0434
1261228786.0684
1261228786.0934
1261228786.1184
1261228786.1434
1261228786.1684
1261228786.1934
1261228786.2184
1261228786.2434
1261228786.2684
1261228786.2934
1261228786.3184
1261228786.3434
1261228786.3684
1261228786.3934
1261228786.4184
1261228786.4434
1261228786.4684
1261228786.4934
1261228786.5184
1261228786.5434
1261228786.5684
1261228786.5934
1261228786.6194
1261228786.6444
1261228786.6694
1261228786.6944
1261228786.7194
1261228786.7444
1261228786.7694
1261228786.7944
1261228786.8194
1261228786.8444
1261228786.8694
1261228786.8944
1261228786.9194
1261228786.9444
1261228786.9694
1261228786.9944
1261228787.0194
1261228787.0444
1261228787.0694
1261228787.0944
1261228787.1194
1261228787.1444
1261228787.1704
1261228787.1953
1261228787.2203
1261228787.2453
1261228787.2703
1261228787.2953
1261228787.3203
1261228787.3453
1261228787.3703
1261228787.3953
1261228787.4203
1261228787.4453
1261228787.4703
1261228787.4953
1261228787.5203
1261228787.5453
1261228787.5703
1261228787.5953
1261228787.6203
1261228787.6453
1261228787.6703
1261228787.6953
1261228787.7203
1261228787.7453
1261228787.7713
1261228787.7963
1261228787.8213
1261228787.8463
1261228787.8713
1261228787.8963
1261228787.9213
1261228787.9463
1261228787.9713
1261228787.9963
1261228788.0213
1261228788.0463
1261228788.0713
1261228788.0963
1261228788.1213
1261228788.1463
1261228788.1713
1261228788.1963
1261228788.2213
1261228788.2463
1261228788.2713
1261228788.2963
1261228788.3223
1261228788.3473
1261228788.3723
1261228788.3972
1261228788.4222
1261228788.4472
1261228788.4722
1261228788.4972
1261228788.5222
1261228788.5472
1261228788.5722
1261228788.5972
1261228788.6222
1261228788.6472
1261228788.6722
1261228788.6972
1261228788.7222
1261228788.7472
1261228788.7722
1261228788.7972
1261228788.8222
1261228788.8472
1261228788.8722
1261228788.8972
1261228788.9232
1261228788.9482
1261228788.9732
1261228788.9982
1261228789.0232
1261228789.0482
1261228789.0732
1261228789.0982
1261228789.1232
1261228789.1482
1261228789.1732
1261228789.1982
1261228789.2232
1261228789.2482
1261228789.2732
1261228789.2982
1261228789.3232
1261228789.3482
