1261228749.9316
1261228749.9316
1261228749.9472
1261228749.9629
1261228749.9785
1261228750.0254
1261228750.0254
1261228750.0410
1261228750.0566
1261228750.0566
1261228750.0722
1261228750.0879
1261228750.1035
1261228750.1035
1261228750.1191
1261228750.1347
1261228750.1504
1261228750.1660
1261228750.1816
1261228750.1816
1261228750.1972
1261228750.2129
1261228750.2285
1261228750.2285
1261228750.2441
1261228750.2597
1261228750.3066
1261228750.3066
1261228750.3222
1261228750.3379
1261228750.3535
1261228750.3535
1261228750.3691
1261228750.3847
1261228750.4003
1261228750.4003
1261228750.4160
1261228750.4316
1261228750.4472
1261228750.4628
1261228750.4785
1261228750.4785
1261228750.4941
1261228750.5097
1261228750.5253
1261228750.5253
1261228750.5410
1261228750.5566
1261228750.6035
1261228750.6035
1261228750.6191
1261228750.6347
1261228750.6503
1261228750.6503
1261228750.6660
1261228750.6816
1261228750.6972
1261228750.6972
1261228750.7128
1261228750.7285
1261228750.7441
1261228750.7597
1261228750.7597
1261228750.7753
1261228750.7910
1261228750.8066
1261228750.8066
1261228750.8222
1261228750.8378
1261228750.8847
1261228750.8847
1261228750.9003
1261228750.9160
1261228750.9316
1261228750.9316
1261228750.9472
1261228750.9628
1261228750.9785
1261228750.9785
1261228750.9941
1261228751.0097
1261228751.0253
1261228751.0253
1261228751.0410
1261228751.0566
1261228751.0722
1261228751.0722
1261228751.0878
1261228751.1035
1261228751.1191
1261228751.1660
1261228751.1660
1261228751.1816
1261228751.1972
1261228751.1972
1261228751.2128
1261228751.2285
1261228751.2441
1261228751.2441
1261228751.2597
1261228751.2753
1261228751.2910
1261228751.3066
1261228751.3066
1261228751.3222
1261228751.3378
1261228751.3535
1261228751.3535
1261228751.3691
1261228751.3847
1261228751.4003
1261228751.4003
1261228751.4628
1261228751.4628
1261228751.4785
1261228751.4785
1261228751.4941
1261228751.5097
1261228751.5253
1261228751.5253
1261228751.5410
1261228751.5566
1261228751.5722
1261228751.5878
1261228751.6035
1261228751.6035
1261228751.6191
1261228751.6347
1261228751.6503
1261228751.6503
1261228751.6660
1261228751.6816
1261228751.6972
1261228751.7441
1261228751.7441
1261228751.7597
1261228751.7753
1261228751.7753
1261228751.7910
1261228751.8066
1261228751.8222
1261228751.8222
1261228751.8378
1261228751.8535
1261228751.8691
1261228751.8691
1261228751.8847
1261228751.9003
1261228751.9160
1261228751.9160
1261228751.9316
1261228751.9472
1261228751.9628
1261228751.9628
1261228751.9785
1261228751.9941
1261228752.0097
1261228752.0097
1261228752.0253
1261228752.0410
1261228752.0566
1261228752.0566
1261228752.1191
1261228752.1347
1261228752.1347
1261228752.1503
1261228752.1660
1261228752.1816
1261228752.1816
1261228752.1972
1261228752.2128
1261228752.2597
1261228752.2597
1261228752.2753
1261228752.2910
1261228752.3066
1261228752.3066
1261228752.3222
1261228752.3378
1261228752.3535
1261228752.3535
1261228752.3691
1261228752.3847
1261228752.4003
1261228752.4160
1261228752.4316
1261228752.4316
1261228752.4472
1261228752.4628
1261228752.4785
1261228752.4785
1261228752.4941
1261228752.5566
1261228752.5566
1261228752.5566
1261228752.5722
1261228752.5878
1261228752.6035
1261228752.6035
1261228752.6191
1261228752.6347
1261228752.6503
1261228752.6503
1261228752.6816
1261228752.6816
1261228752.6816
1261228752.6972
1261228752.7128
1261228752.7285
1261228752.7285
1261228752.7441
1261228752.7597
1261228752.7753
1261228752.7753
1261228752.8378
1261228752.8378
1261228752.8535
1261228752.8535
1261228752.8691
1261228752.8847
1261228752.9003
1261228752.9003
1261228752.9160
1261228752.9316
1261228752.9785
1261228752.9785
1261228752.9941
1261228753.0097
1261228753.0253
1261228753.0253
1261228753.0410
1261228753.0566
1261228753.0722
1261228753.0722
1261228753.0878
1261228753.1035
1261228753.1191
1261228753.1191
1261228753.1347
1261228753.1503
1261228753.1660
1261228753.1660
1261228753.1816
1261228753.1972
1261228753.2128
1261228753.2128
1261228753.2753
1261228753.2753
1261228753.2910
1261228753.2910
1261228753.3066
1261228753.3222
1261228753.3378
1261228753.3378
1261228753.3535
1261228753.3691
1261228753.3847
1261228753.4003
1261228753.4160
1261228753.4160
1261228753.4316
1261228753.4472
1261228753.4628
1261228753.4628
1261228753.4785
1261228753.4941
1261228753.5097
1261228753.5566
1261228753.5566
1261228753.5722
1261228753.5878
1261228753.5878
1261228753.6035
1261228753.6191
1261228753.6347
1261228753.6347
1261228753.6503
1261228753.6660
1261228753.6816
1261228753.6816
1261228753.6972
1261228753.7128
1261228753.7285
1261228753.7285
1261228753.7441
1261228753.7597
1261228753.7753
1261228753.7753
1261228753.8378
1261228753.8378
1261228753.8535
1261228753.8535
1261228753.8691
1261228753.8847
1261228753.9003
1261228753.9003
1261228753.9160
1261228753.9316
1261228753.9472
1261228753.9628
1261228753.9628
1261228753.9628
1261228753.9785
1261228753.9941
1261228754.0097
1261228754.0097
1261228754.0253
1261228754.0410
1261228754.0566
1261228754.0566
1261228754.1191
1261228754.1191
1261228754.1347
1261228754.1347
1261228754.1503
1261228754.1660
1261228754.1816
1261228754.1816
1261228754.1972
1261228754.2128
1261228754.2597
1261228754.2597
1261228754.2753
1261228754.2910
1261228754.3066
1261228754.3066
1261228754.3222
1261228754.3378
1261228754.3535
1261228754.3535
1261228754.3691
1261228754.3847
1261228754.4003
1261228754.4003
1261228754.4160
1261228754.4316
1261228754.4472
1261228754.4472
1261228754.4628
1261228754.4785
1261228754.4941
1261228754.4941
1261228754.5566
1261228754.5566
1261228754.5722
1261228754.5722
1261228754.5878
1261228754.6034
1261228754.6191
1261228754.6191
1261228754.6347
1261228754.6503
1261228754.6659
1261228754.6816
1261228754.6972
1261228754.6972
1261228754.7128
1261228754.7284
1261228754.7441
1261228754.7441
1261228754.7597
1261228754.7753
1261228754.7909
1261228754.8378
1261228754.8378
1261228754.8534
1261228754.8691
1261228754.8691
1261228754.8847
1261228754.9003
1261228754.9159
1261228754.9159
1261228754.9316
1261228754.9472
1261228754.9628
1261228754.9628
1261228754.9784
1261228754.9941
1261228755.0097
1261228755.0097
1261228755.0253
1261228755.0409
1261228755.0566
1261228755.0566
1261228755.1191
1261228755.1191
1261228755.1347
1261228755.1347
1261228755.1503
1261228755.1659
1261228755.1816
1261228755.1816
1261228755.1972
1261228755.2128
1261228755.2284
1261228755.2441
1261228755.2441
1261228755.2441
1261228755.2597
1261228755.2753
1261228755.2909
1261228755.2909
1261228755.3066
1261228755.3222
1261228755.3378
1261228755.3378
1261228755.4003
1261228755.4003
1261228755.4159
1261228755.4159
1261228755.4316
1261228755.4472
1261228755.4628
1261228755.4628
1261228755.4784
1261228755.4941
1261228755.5409
1261228755.5409
1261228755.5566
1261228755.5722
1261228755.5878
1261228755.5878
1261228755.6034
1261228755.6191
1261228755.6347
1261228755.6347
1261228755.6503
1261228755.6659
1261228755.6816
1261228755.6816
1261228755.6972
1261228755.7128
1261228755.7284
1261228755.7284
1261228755.7441
1261228755.7597
1261228755.7753
1261228755.7909
1261228755.8066
1261228755.8066
1261228755.8222
1261228755.8222
1261228755.8378
1261228755.8534
1261228755.8691
1261228755.8691
1261228755.8847
1261228755.9003
1261228755.9472
1261228755.9472
1261228755.9628
1261228755.9784
1261228755.9941
1261228755.9941
1261228756.0097
1261228756.0253
1261228756.0409
1261228756.0409
1261228756.0566
1261228756.1191
1261228756.1191
1261228756.1191
1261228756.1347
1261228756.1503
1261228756.1659
1261228756.1659
1261228756.1816
1261228756.1972
1261228756.2128
1261228756.2128
1261228756.2284
1261228756.2441
1261228756.2597
1261228756.2597
1261228756.2753
1261228756.2909
1261228756.3066
1261228756.3066
1261228756.3222
1261228756.3378
1261228756.3847
1261228756.3847
1261228756.4003
1261228756.4159
1261228756.4316
1261228756.4316
1261228756.4472
1261228756.4628
1261228756.4784
1261228756.4784
1261228756.4941
1261228756.5097
1261228756.5253
1261228756.5409
1261228756.5566
1261228756.5566
1261228756.5722
1261228756.5878
1261228756.6034
1261228756.6034
1261228756.6191
1261228756.6347
1261228756.6816
1261228756.6816
1261228756.6972
1261228756.7128
1261228756.7284
1261228756.7284
1261228756.7441
1261228756.7597
1261228756.7753
1261228756.7753
1261228756.7909
1261228756.8066
1261228756.8222
1261228756.8222
1261228756.8378
1261228756.8534
1261228756.9159
1261228756.9316
1261228756.9472
1261228756.9472
1261228756.9628
1261228756.9784
1261228756.9941
1261228756.9941
1261228757.0097
1261228757.0253
1261228757.0409
1261228757.0566
1261228757.0566
1261228757.0722
1261228757.0878
1261228757.1034
1261228757.1034
1261228757.1191
1261228757.1347
1261228757.1816
1261228757.1816
1261228757.1972
1261228757.2128
1261228757.2284
1261228757.2284
1261228757.2441
1261228757.2597
1261228757.2753
1261228757.2753
1261228757.2909
1261228757.3066
1261228757.3222
1261228757.3222
1261228757.3378
1261228757.3534
1261228757.3691
1261228757.3691
1261228757.3847
1261228757.4003
1261228757.4159
1261228757.4628
1261228757.4628
1261228757.4784
1261228757.4941
1261228757.4941
1261228757.5097
1261228757.5253
1261228757.5409
1261228757.5409
1261228757.5566
1261228757.5722
1261228757.5878
1261228757.6034
1261228757.6034
1261228757.6191
1261228757.6347
1261228757.6503
1261228757.6503
1261228757.6659
1261228757.6816
1261228757.6972
1261228757.6972
1261228757.7597
1261228757.7597
1261228757.7753
1261228757.7753
1261228757.7909
1261228757.8066
1261228757.8222
1261228757.8222
1261228757.8378
1261228757.8534
1261228757.8691
1261228757.8847
1261228757.9003
1261228757.9003
1261228757.9159
1261228757.9316
1261228757.9472
1261228757.9472
1261228757.9628
1261228757.9784
1261228757.9941
1261228758.0409
1261228758.0409
1261228758.0566
1261228758.0722
1261228758.0722
1261228758.0878
1261228758.1034
1261228758.1191
1261228758.1191
1261228758.1347
1261228758.1503
1261228758.1659
1261228758.1659
1261228758.1816
1261228758.1972
1261228758.2128
1261228758.2128
1261228758.2284
1261228758.2441
1261228758.2597
1261228758.2597
1261228758.3222
1261228758.3222
1261228758.3378
1261228758.3378
1261228758.3534
1261228758.3691
1261228758.3847
1261228758.3847
1261228758.4003
1261228758.4159
1261228758.4316
1261228758.4472
1261228758.4472
1261228758.4472
1261228758.4628
1261228758.4784
1261228758.4941
1261228758.4941
1261228758.5097
1261228758.5253
1261228758.5409
1261228758.5409
1261228758.6034
1261228758.6034
1261228758.6191
1261228758.6191
1261228758.6347
1261228758.6503
1261228758.6659
1261228758.6659
1261228758.6815
1261228758.6972
1261228758.7440
1261228758.7440
1261228758.7597
1261228758.7753
1261228758.7909
1261228758.7909
1261228758.8065
1261228758.8222
1261228758.8378
1261228758.8378
1261228758.8534
1261228758.8690
1261228758.8847
1261228758.8847
1261228758.9003
1261228758.9159
1261228758.9315
1261228758.9315
1261228758.9472
1261228758.9628
1261228758.9784
1261228758.9784
1261228759.0409
1261228759.0409
1261228759.0565
1261228759.0565
1261228759.0722
1261228759.0878
1261228759.1034
1261228759.1034
1261228759.1190
1261228759.1347
1261228759.1503
1261228759.1659
1261228759.1659
1261228759.1815
1261228759.1972
1261228759.2128
1261228759.2128
1261228759.2284
1261228759.2440
1261228759.2597
1261228759.2597
1261228759.3222
1261228759.3222
1261228759.3378
1261228759.3378
1261228759.3534
1261228759.3690
1261228759.3847
1261228759.3847
1261228759.4003
1261228759.4159
1261228759.4315
1261228759.4315
1261228759.4472
1261228759.4628
1261228759.4784
1261228759.4784
1261228759.4940
1261228759.5097
1261228759.5253
1261228759.5253
1261228759.5409
1261228759.6034
1261228759.6034
1261228759.6034
1261228759.6190
1261228759.6347
1261228759.6503
1261228759.6503
1261228759.6659
1261228759.6815
1261228759.6972
1261228759.6972
1261228759.7128
1261228759.7284
1261228759.7440
1261228759.7597
1261228759.7597
1261228759.7753
1261228759.7909
1261228759.8065
1261228759.8065
1261228759.8222
1261228759.8378
1261228759.8847
1261228759.8847
1261228759.9003
1261228759.9159
1261228759.9315
1261228759.9315
1261228759.9472
1261228759.9628
1261228759.9784
1261228759.9784
1261228760.0097
1261228760.0097
1261228760.0097
1261228760.0253
1261228760.0409
1261228760.0565
1261228760.0565
1261228760.0722
1261228760.0878
1261228760.1034
1261228760.1034
1261228760.1659
1261228760.1659
1261228760.1815
1261228760.1815
1261228760.1972
1261228760.2128
1261228760.2284
1261228760.2284
1261228760.2440
1261228760.2597
1261228760.2753
1261228760.2909
1261228760.2909
1261228760.3065
1261228760.3065
1261228760.3222
1261228760.3378
1261228760.3534
1261228760.3534
1261228760.3690
1261228760.3847
1261228760.4315
1261228760.4315
1261228760.4472
1261228760.4628
1261228760.4784
1261228760.4784
1261228760.4940
1261228760.5097
1261228760.5253
1261228760.5253
1261228760.5409
1261228760.6034
1261228760.6034
1261228760.6034
1261228760.6190
1261228760.6347
1261228760.6503
1261228760.6503
1261228760.6659
1261228760.6815
1261228760.6972
1261228760.6972
1261228760.7128
1261228760.7284
1261228760.7440
1261228760.7440
1261228760.7597
1261228760.7753
1261228760.7909
1261228760.7909
1261228760.8065
1261228760.8222
1261228760.8690
1261228760.8690
1261228760.8847
1261228760.9003
1261228760.9159
1261228760.9159
1261228760.9315
1261228760.9472
1261228760.9628
1261228760.9628
1261228760.9784
1261228760.9940
1261228761.0097
1261228761.0253
1261228761.0409
1261228761.0409
1261228761.0565
1261228761.0722
1261228761.0878
1261228761.0878
1261228761.1034
1261228761.1190
1261228761.1659
1261228761.1659
1261228761.1815
1261228761.1972
1261228761.2128
1261228761.2128
1261228761.2284
1261228761.2440
1261228761.2597
1261228761.2597
1261228761.2909
1261228761.2909
1261228761.2909
1261228761.3065
1261228761.3222
1261228761.3378
1261228761.3378
1261228761.3534
1261228761.3690
1261228761.3847
1261228761.3847
1261228761.4472
1261228761.4472
1261228761.4628
1261228761.4628
1261228761.4784
1261228761.4940
1261228761.5097
1261228761.5097
1261228761.5253
1261228761.5409
1261228761.5565
1261228761.5722
1261228761.5722
1261228761.5878
1261228761.5878
1261228761.6034
1261228761.6190
1261228761.6347
1261228761.6347
1261228761.6503
1261228761.6659
1261228761.7128
1261228761.7128
1261228761.7284
1261228761.7440
1261228761.7597
1261228761.7597
1261228761.7753
1261228761.7909
1261228761.8065
1261228761.8065
1261228761.8222
1261228761.8847
1261228761.8847
1261228761.8847
1261228761.9003
1261228761.9159
1261228761.9315
1261228761.9315
1261228761.9472
1261228761.9628
1261228761.9784
1261228761.9784
1261228761.9940
1261228762.0097
1261228762.0253
1261228762.0253
1261228762.0409
1261228762.0565
1261228762.0722
1261228762.0722
1261228762.0878
1261228762.1034
1261228762.1503
1261228762.1503
1261228762.1659
1261228762.1815
1261228762.1972
1261228762.1972
1261228762.2128
1261228762.2284
1261228762.2440
1261228762.2440
1261228762.2597
1261228762.2753
1261228762.2909
1261228762.3065
1261228762.3222
1261228762.3222
1261228762.3378
1261228762.3534
1261228762.3690
1261228762.3690
1261228762.3847
1261228762.4003
1261228762.4472
1261228762.4472
1261228762.4628
1261228762.4784
1261228762.4940
1261228762.4940
1261228762.5097
1261228762.5253
1261228762.5409
1261228762.5409
1261228762.5565
1261228762.5722
1261228762.5878
1261228762.6034
1261228762.6034
1261228762.6190
1261228762.6347
1261228762.6503
1261228762.6503
1261228762.6659
1261228762.6815
1261228762.7284
1261228762.7284
1261228762.7440
1261228762.7596
1261228762.7753
1261228762.7753
1261228762.7909
1261228762.8065
1261228762.8221
1261228762.8221
1261228762.8378
1261228762.8534
1261228762.8690
1261228762.8690
1261228762.8846
1261228762.9003
1261228762.9159
1261228762.9159
1261228762.9315
1261228762.9471
1261228762.9628
1261228763.0096
1261228763.0096
1261228763.0253
1261228763.0409
1261228763.0409
1261228763.0565
1261228763.0721
1261228763.0878
1261228763.0878
1261228763.1034
1261228763.1190
1261228763.1346
1261228763.1503
1261228763.1659
1261228763.1659
1261228763.1815
1261228763.1971
1261228763.2128
1261228763.2128
1261228763.2284
1261228763.2440
1261228763.2596
1261228763.2753
1261228763.2753
1261228763.2909
1261228763.3065
1261228763.3065
1261228763.3221
1261228763.3378
1261228763.3534
1261228763.3534
1261228763.3690
1261228763.4315
1261228763.4315
1261228763.4315
1261228763.4471
1261228763.4628
1261228763.4784
1261228763.4784
1261228763.4940
1261228763.5096
1261228763.5253
1261228763.5253
1261228763.5878
1261228763.5878
1261228763.6034
1261228763.6034
1261228763.6190
1261228763.6346
1261228763.6503
1261228763.6503
1261228763.6659
1261228763.6815
1261228763.6971
1261228763.6971
1261228763.7128
1261228763.7284
1261228763.7440
1261228763.7440
1261228763.7596
1261228763.7753
1261228763.7909
1261228763.7909
1261228763.8065
1261228763.8690
1261228763.8690
1261228763.8690
1261228763.8846
1261228763.9003
1261228763.9159
1261228763.9159
1261228763.9315
1261228763.9471
1261228763.9628
1261228763.9628
1261228763.9940
1261228763.9940
1261228763.9940
1261228764.0096
1261228764.0253
1261228764.0409
1261228764.0409
1261228764.0565
1261228764.0721
1261228764.0878
1261228764.0878
1261228764.1503
1261228764.1503
1261228764.1659
1261228764.1659
1261228764.1815
1261228764.1971
1261228764.2128
1261228764.2128
1261228764.2284
1261228764.2440
1261228764.2909
1261228764.2909
1261228764.3065
1261228764.3221
1261228764.3378
1261228764.3378
1261228764.3534
1261228764.3690
1261228764.3846
1261228764.3846
1261228764.4003
1261228764.4159
1261228764.4315
1261228764.4315
1261228764.4471
1261228764.4628
1261228764.4784
1261228764.4784
1261228764.4940
1261228764.5096
1261228764.5253
1261228764.5253
1261228764.5878
1261228764.5878
1261228764.6034
1261228764.6034
1261228764.6190
1261228764.6346
1261228764.6503
1261228764.6503
1261228764.6659
1261228764.6815
1261228764.6971
1261228764.7128
1261228764.7284
1261228764.7284
1261228764.7440
1261228764.7596
1261228764.7753
1261228764.7753
1261228764.7909
1261228764.8065
1261228764.8221
1261228764.8690
1261228764.8690
1261228764.8846
1261228764.9003
1261228764.9003
1261228764.9159
1261228764.9315
1261228764.9471
1261228764.9471
1261228764.9628
1261228764.9784
1261228764.9940
1261228764.9940
1261228765.0096
1261228765.0253
1261228765.0409
1261228765.0409
1261228765.0565
1261228765.0721
1261228765.0878
1261228765.0878
1261228765.1503
1261228765.1503
1261228765.1659
1261228765.1659
1261228765.1815
1261228765.1971
1261228765.2128
1261228765.2128
1261228765.2284
1261228765.2440
1261228765.2596
1261228765.2753
1261228765.2753
1261228765.2753
1261228765.2909
1261228765.3065
1261228765.3221
1261228765.3221
1261228765.3378
1261228765.3534
1261228765.3690
1261228765.3690
1261228765.4315
1261228765.4315
1261228765.4471
1261228765.4471
1261228765.4628
1261228765.4784
1261228765.4940
1261228765.4940
1261228765.5096
1261228765.5253
1261228765.5721
1261228765.5721
1261228765.5878
1261228765.6034
1261228765.6190
1261228765.6190
1261228765.6346
1261228765.6503
1261228765.6659
1261228765.6659
1261228765.6815
1261228765.6971
1261228765.7128
1261228765.7128
1261228765.7284
1261228765.7440
1261228765.7596
1261228765.7596
1261228765.7753
1261228765.7909
1261228765.8065
1261228765.8065
1261228765.8690
1261228765.8690
1261228765.8846
1261228765.8846
1261228765.9003
1261228765.9159
1261228765.9315
1261228765.9315
1261228765.9471
1261228765.9628
1261228765.9784
1261228765.9940
1261228766.0096
1261228766.0096
1261228766.0253
1261228766.0409
1261228766.0565
1261228766.0565
1261228766.0721
1261228766.0878
1261228766.1034
1261228766.1503
1261228766.1503
1261228766.1659
1261228766.1815
1261228766.1815
1261228766.1971
1261228766.2128
1261228766.2284
1261228766.2284
1261228766.2440
1261228766.2596
1261228766.2753
1261228766.2753
1261228766.2909
1261228766.3065
1261228766.3221
1261228766.3221
1261228766.3378
1261228766.3534
1261228766.3690
1261228766.3690
1261228766.4315
1261228766.4315
1261228766.4471
1261228766.4471
1261228766.4628
1261228766.4784
1261228766.4940
1261228766.4940
1261228766.5096
1261228766.5253
1261228766.5409
1261228766.5565
1261228766.5565
1261228766.5565
1261228766.5721
1261228766.5878
1261228766.6034
1261228766.6034
1261228766.6190
1261228766.6346
1261228766.6503
1261228766.6503
1261228766.7128
1261228766.7128
1261228766.7284
1261228766.7284
1261228766.7440
1261228766.7596
1261228766.7753
1261228766.7753
1261228766.7909
1261228766.8065
1261228766.8534
1261228766.8534
1261228766.8690
1261228766.8846
1261228766.9002
1261228766.9002
1261228766.9159
1261228766.9315
1261228766.9471
1261228766.9471
1261228766.9627
1261228766.9784
1261228766.9940
1261228766.9940
1261228767.0096
1261228767.0252
1261228767.0409
1261228767.0409
1261228767.0565
1261228767.0721
1261228767.0877
1261228767.0877
1261228767.1502
1261228767.1502
1261228767.1659
1261228767.1659
1261228767.1815
1261228767.1971
1261228767.2127
1261228767.2127
1261228767.2284
1261228767.2440
1261228767.2596
1261228767.2752
1261228767.2752
1261228767.2909
1261228767.3065
1261228767.3221
1261228767.3221
1261228767.3377
1261228767.3534
1261228767.3690
1261228767.3690
1261228767.4315
1261228767.4315
1261228767.4471
1261228767.4471
1261228767.4627
1261228767.4784
1261228767.4940
1261228767.4940
1261228767.5096
1261228767.5252
1261228767.5409
1261228767.5565
1261228767.5721
1261228767.5877
1261228767.5877
1261228767.6034
1261228767.6190
1261228767.6346
1261228767.6346
1261228767.6971
1261228767.6971
1261228767.7127
1261228767.7127
1261228767.7284
1261228767.7440
1261228767.7596
1261228767.7596
1261228767.7752
1261228767.7909
1261228767.8377
1261228767.8377
1261228767.8534
1261228767.8690
1261228767.8846
1261228767.8846
1261228767.9002
1261228767.9159
1261228767.9315
1261228767.9315
1261228767.9471
1261228767.9627
1261228767.9784
1261228767.9940
1261228767.9940
1261228768.0096
1261228768.0252
1261228768.0409
1261228768.0409
1261228768.0565
1261228768.0721
1261228768.0877
1261228768.1034
1261228768.1034
1261228768.1190
1261228768.1346
1261228768.1346
1261228768.1502
1261228768.1659
1261228768.1815
1261228768.1815
1261228768.1971
1261228768.2596
1261228768.2596
1261228768.2596
1261228768.2752
1261228768.2909
1261228768.3065
1261228768.3065
1261228768.3221
1261228768.3377
1261228768.3534
1261228768.3534
1261228768.4159
1261228768.4159
1261228768.4315
1261228768.4315
1261228768.4471
1261228768.4627
1261228768.4784
1261228768.4784
1261228768.4940
1261228768.5096
1261228768.5252
1261228768.5252
1261228768.5409
1261228768.5565
1261228768.5721
1261228768.5721
1261228768.5877
1261228768.6034
1261228768.6190
1261228768.6190
1261228768.6346
1261228768.6971
1261228768.6971
1261228768.6971
1261228768.7127
1261228768.7284
1261228768.7440
1261228768.7440
1261228768.7596
1261228768.7752
1261228768.7909
1261228768.7909
1261228768.8221
1261228768.8221
1261228768.8221
1261228768.8377
1261228768.8534
1261228768.8690
1261228768.8690
1261228768.8846
1261228768.9002
1261228768.9159
1261228768.9159
1261228768.9784
1261228768.9784
1261228768.9940
1261228768.9940
1261228769.0096
1261228769.0252
1261228769.0409
1261228769.0409
1261228769.0565
1261228769.0721
1261228769.1190
1261228769.1190
1261228769.1346
1261228769.1502
1261228769.1659
1261228769.1659
1261228769.1815
1261228769.1971
1261228769.2127
1261228769.2127
1261228769.2284
1261228769.2440
1261228769.2596
1261228769.2752
1261228769.2752
1261228769.2909
1261228769.3065
1261228769.3221
1261228769.3221
1261228769.3377
1261228769.3534
1261228769.3690
1261228769.3846
1261228769.3846
1261228769.4002
1261228769.4002
1261228769.4159
1261228769.4315
1261228769.4471
1261228769.4471
1261228769.4627
1261228769.4784
1261228769.5252
1261228769.5252
1261228769.5409
1261228769.5565
1261228769.5721
1261228769.5721
1261228769.5877
1261228769.6034
1261228769.6190
1261228769.6190
1261228769.6346
1261228769.6971
1261228769.6971
1261228769.6971
1261228769.7127
1261228769.7284
1261228769.7440
1261228769.7440
1261228769.7596
1261228769.7752
1261228769.7909
1261228769.7909
1261228769.8065
1261228769.8221
1261228769.8377
1261228769.8534
1261228769.8534
1261228769.8690
1261228769.8846
1261228769.9002
1261228769.9002
1261228769.9159
1261228769.9784
1261228769.9784
1261228769.9784
1261228769.9940
1261228770.0096
1261228770.0252
1261228770.0252
1261228770.0409
1261228770.0565
1261228770.0721
1261228770.0721
1261228770.1034
1261228770.1034
1261228770.1034
1261228770.1190
1261228770.1346
1261228770.1502
1261228770.1502
1261228770.1659
1261228770.1815
1261228770.1971
1261228770.1971
1261228770.2596
1261228770.2596
1261228770.2752
1261228770.2752
1261228770.2909
1261228770.3065
1261228770.3221
1261228770.3221
1261228770.3377
1261228770.3534
1261228770.4002
1261228770.4002
1261228770.4159
1261228770.4315
1261228770.4471
1261228770.4471
1261228770.4627
1261228770.4784
1261228770.4940
1261228770.4940
1261228770.5096
1261228770.5252
1261228770.5409
1261228770.5409
1261228770.5565
1261228770.5721
1261228770.5877
1261228770.5877
1261228770.6034
1261228770.6190
1261228770.6346
1261228770.6346
1261228770.6971
1261228770.6971
1261228770.7127
1261228770.7127
1261228770.7284
1261228770.7440
1261228770.7596
1261228770.7596
1261228770.7752
1261228770.7909
1261228770.8065
1261228770.8221
1261228770.8377
1261228770.8377
1261228770.8534
1261228770.8690
1261228770.8846
1261228770.8846
1261228770.9002
1261228770.9159
1261228770.9315
1261228770.9784
1261228770.9784
1261228770.9940
1261228771.0096
1261228771.0096
1261228771.0252
1261228771.0408
1261228771.0565
1261228771.0565
1261228771.0721
1261228771.0877
1261228771.1033
1261228771.1033
1261228771.1190
1261228771.1346
1261228771.1502
1261228771.1502
1261228771.1658
1261228771.1815
1261228771.1971
1261228771.1971
1261228771.2596
1261228771.2596
1261228771.2752
1261228771.2752
1261228771.2908
1261228771.3065
1261228771.3221
1261228771.3221
1261228771.3377
1261228771.3533
1261228771.3690
1261228771.3846
1261228771.3846
1261228771.3846
1261228771.4002
1261228771.4158
1261228771.4315
1261228771.4315
1261228771.4471
1261228771.4627
1261228771.4783
1261228771.4783
1261228771.5408
1261228771.5408
1261228771.5565
1261228771.5565
1261228771.5721
1261228771.5877
1261228771.6033
1261228771.6033
1261228771.6190
1261228771.6346
1261228771.6815
1261228771.6815
1261228771.6971
1261228771.7127
1261228771.7283
1261228771.7283
1261228771.7440
1261228771.7596
1261228771.7752
1261228771.7752
1261228771.7908
1261228771.8065
1261228771.8221
1261228771.8221
1261228771.8377
1261228771.8533
1261228771.8690
1261228771.8690
1261228771.8846
1261228771.9002
1261228771.9158
1261228771.9158
1261228771.9783
1261228771.9783
1261228771.9940
1261228771.9940
1261228772.0096
1261228772.0252
1261228772.0408
1261228772.0408
1261228772.0565
1261228772.0721
1261228772.0877
1261228772.1033
1261228772.1033
1261228772.1190
1261228772.1346
1261228772.1502
1261228772.1502
1261228772.1658
1261228772.1815
1261228772.1971
1261228772.1971
1261228772.2596
1261228772.2596
1261228772.2752
1261228772.2752
1261228772.2908
1261228772.3065
1261228772.3221
1261228772.3221
1261228772.3377
1261228772.3533
1261228772.3690
1261228772.3690
1261228772.3846
1261228772.4002
1261228772.4158
1261228772.4158
1261228772.4315
1261228772.4471
1261228772.4627
1261228772.4627
1261228772.4783
1261228772.5408
1261228772.5408
1261228772.5408
1261228772.5565
1261228772.5721
1261228772.5877
1261228772.5877
1261228772.6033
1261228772.6190
1261228772.6346
1261228772.6346
1261228772.6502
1261228772.6658
1261228772.6815
1261228772.6815
1261228772.6971
1261228772.7127
1261228772.7283
1261228772.7752
1261228772.7908
1261228772.8065
1261228772.8065
1261228772.8221
1261228772.8377
1261228772.8533
1261228772.8533
1261228772.8690
1261228772.9002
1261228772.9002
1261228772.9002
1261228772.9158
1261228772.9315
1261228772.9471
1261228772.9471
1261228772.9627
1261228772.9783
1261228772.9940
1261228773.0408
1261228773.0408
1261228773.0565
1261228773.0721
1261228773.0721
1261228773.0877
1261228773.1033
1261228773.1190
1261228773.1190
1261228773.1346
1261228773.1502
1261228773.1971
1261228773.1971
1261228773.2127
1261228773.2283
1261228773.2440
1261228773.2440
1261228773.2596
1261228773.2752
1261228773.2908
1261228773.2908
1261228773.3065
1261228773.3221
1261228773.3377
1261228773.3377
1261228773.3533
1261228773.3690
1261228773.3846
1261228773.3846
1261228773.4002
1261228773.4158
1261228773.4315
1261228773.4783
1261228773.4783
1261228773.4940
1261228773.5096
1261228773.5096
1261228773.5252
1261228773.5408
1261228773.5565
1261228773.5565
1261228773.5721
1261228773.5877
1261228773.6033
1261228773.6190
1261228773.6346
1261228773.6346
1261228773.6502
1261228773.6658
1261228773.6815
1261228773.6815
1261228773.6971
1261228773.7127
1261228773.7283
1261228773.7752
1261228773.7752
1261228773.7908
1261228773.8065
1261228773.8065
1261228773.8221
1261228773.8377
1261228773.8533
1261228773.8533
1261228773.8690
1261228773.8846
1261228773.9002
1261228773.9158
1261228773.9158
1261228773.9315
1261228773.9471
1261228773.9627
1261228773.9627
1261228773.9783
1261228773.9940
1261228774.0096
1261228774.0565
1261228774.0565
1261228774.0721
1261228774.0877
1261228774.0877
1261228774.1033
1261228774.1190
1261228774.1346
1261228774.1346
1261228774.1502
1261228774.1658
1261228774.1815
1261228774.1815
1261228774.1971
1261228774.2127
1261228774.2283
1261228774.2283
1261228774.2440
1261228774.2596
1261228774.2752
1261228774.2752
1261228774.3377
1261228774.3377
1261228774.3533
1261228774.3533
1261228774.3690
1261228774.3846
1261228774.4002
1261228774.4002
1261228774.4158
1261228774.4315
1261228774.4471
1261228774.4627
1261228774.4627
1261228774.4783
1261228774.4783
1261228774.4940
1261228774.5096
1261228774.5252
1261228774.5252
1261228774.5408
1261228774.5565
1261228774.5721
1261228774.6190
1261228774.6190
1261228774.6346
1261228774.6502
1261228774.6502
1261228774.6658
1261228774.6815
1261228774.6971
1261228774.6971
1261228774.7127
1261228774.7752
1261228774.7752
1261228774.7752
1261228774.7908
1261228774.8065
1261228774.8221
1261228774.8221
1261228774.8377
1261228774.8533
1261228774.8690
1261228774.8690
1261228774.8846
1261228774.9002
1261228774.9158
1261228774.9158
1261228774.9315
1261228774.9471
1261228774.9627
1261228774.9627
1261228774.9783
1261228774.9940
1261228775.0096
1261228775.0565
1261228775.0565
1261228775.0721
1261228775.0877
1261228775.0877
1261228775.1033
1261228775.1190
1261228775.1346
1261228775.1346
1261228775.1502
1261228775.1658
1261228775.1814
1261228775.1971
1261228775.1971
1261228775.2127
1261228775.2283
1261228775.2439
1261228775.2439
1261228775.2596
1261228775.2752
1261228775.2908
1261228775.3377
1261228775.3377
1261228775.3533
1261228775.3689
1261228775.3689
1261228775.3846
1261228775.4002
1261228775.4158
1261228775.4158
1261228775.4314
1261228775.4471
1261228775.4627
1261228775.4627
1261228775.4783
1261228775.4939
1261228775.5096
1261228775.5096
1261228775.5252
1261228775.5408
1261228775.5564
1261228775.5564
1261228775.6189
1261228775.6189
1261228775.6346
1261228775.6346
1261228775.6502
1261228775.6658
1261228775.6814
1261228775.6814
1261228775.6971
1261228775.7127
1261228775.7283
1261228775.7439
1261228775.7439
1261228775.7439
1261228775.7596
1261228775.7752
1261228775.7908
1261228775.7908
1261228775.8064
1261228775.8221
1261228775.8377
1261228775.8377
1261228775.9002
1261228775.9002
1261228775.9158
1261228775.9158
1261228775.9314
1261228775.9471
1261228775.9627
1261228775.9627
1261228775.9783
1261228775.9939
1261228776.0408
1261228776.0408
1261228776.0564
1261228776.0721
1261228776.0877
1261228776.0877
1261228776.1033
1261228776.1189
1261228776.1346
1261228776.1346
1261228776.1502
1261228776.1658
1261228776.1814
1261228776.1971
1261228776.1971
1261228776.2127
1261228776.2283
1261228776.2439
1261228776.2439
1261228776.2596
1261228776.2752
1261228776.2908
1261228776.3064
1261228776.3064
1261228776.3221
1261228776.3377
1261228776.3377
1261228776.3533
1261228776.3689
1261228776.3846
1261228776.3846
1261228776.4002
1261228776.4627
1261228776.4627
1261228776.4627
1261228776.4783
1261228776.4939
1261228776.5096
1261228776.5096
1261228776.5252
1261228776.5408
1261228776.5564
1261228776.5564
1261228776.6189
1261228776.6189
1261228776.6346
1261228776.6346
1261228776.6502
1261228776.6658
1261228776.6814
1261228776.6814
1261228776.6971
1261228776.7127
1261228776.7283
1261228776.7283
1261228776.7439
1261228776.7596
1261228776.7752
1261228776.7752
1261228776.7908
1261228776.8064
1261228776.8221
1261228776.8221
1261228776.8377
1261228776.9002
1261228776.9002
1261228776.9002
1261228776.9158
1261228776.9314
1261228776.9471
1261228776.9471
1261228776.9627
1261228776.9783
1261228776.9939
1261228776.9939
1261228777.0252
1261228777.0252
1261228777.0252
1261228777.0408
1261228777.0564
1261228777.0721
1261228777.0721
1261228777.0877
1261228777.1033
1261228777.1189
1261228777.1189
1261228777.1814
1261228777.1814
1261228777.1971
1261228777.1971
1261228777.2127
1261228777.2283
1261228777.2439
1261228777.2439
1261228777.2596
1261228777.2752
1261228777.3221
1261228777.3221
1261228777.3377
1261228777.3533
1261228777.3689
1261228777.3689
1261228777.3846
1261228777.4002
1261228777.4158
1261228777.4158
1261228777.4314
1261228777.4471
1261228777.4627
1261228777.4627
1261228777.4783
1261228777.4939
1261228777.5096
1261228777.5096
1261228777.5252
1261228777.5408
1261228777.5564
1261228777.5564
1261228777.6189
1261228777.6189
1261228777.6346
1261228777.6346
1261228777.6502
1261228777.6658
1261228777.6814
1261228777.6814
1261228777.6971
1261228777.7127
1261228777.7283
1261228777.7439
1261228777.7596
1261228777.7596
1261228777.7752
1261228777.7908
1261228777.8064
1261228777.8064
1261228777.8221
1261228777.8377
1261228777.8533
1261228777.9002
1261228777.9002
1261228777.9158
1261228777.9314
1261228777.9314
1261228777.9471
1261228777.9627
1261228777.9783
1261228777.9783
1261228777.9939
1261228778.0096
1261228778.0252
1261228778.0252
1261228778.0408
1261228778.0564
1261228778.0721
1261228778.0721
1261228778.0877
1261228778.1033
1261228778.1189
1261228778.1189
1261228778.1814
1261228778.1814
1261228778.1971
1261228778.1971
1261228778.2127
1261228778.2283
1261228778.2439
1261228778.2439
1261228778.2596
1261228778.2752
1261228778.2908
1261228778.2908
1261228778.3064
1261228778.3221
1261228778.3533
1261228778.3689
1261228778.3846
1261228778.3846
1261228778.4002
1261228778.4158
1261228778.4314
1261228778.4314
1261228778.4939
1261228778.4939
1261228778.5096
1261228778.5096
1261228778.5252
1261228778.5408
1261228778.5564
1261228778.5564
1261228778.5721
1261228778.5877
1261228778.6033
1261228778.6502
1261228778.6502
1261228778.6658
1261228778.6814
1261228778.6814
1261228778.6971
1261228778.7127
1261228778.7283
1261228778.7283
1261228778.7439
1261228778.7596
1261228778.7752
1261228778.7752
1261228778.7908
1261228778.8064
1261228778.8221
1261228778.8221
1261228778.8377
1261228778.8533
1261228778.8689
1261228778.8689
1261228778.9314
1261228778.9314
1261228778.9471
1261228778.9471
1261228778.9627
1261228778.9783
1261228778.9939
1261228778.9939
1261228779.0096
1261228779.0252
1261228779.0408
1261228779.0408
1261228779.0564
1261228779.0721
1261228779.0877
1261228779.0877
1261228779.1033
1261228779.1189
1261228779.1346
1261228779.1346
1261228779.1502
1261228779.1658
1261228779.2127
1261228779.2127
1261228779.2283
1261228779.2439
1261228779.2595
1261228779.2595
1261228779.2752
1261228779.2908
1261228779.3064
1261228779.3064
1261228779.3220
1261228779.3377
1261228779.3533
1261228779.3689
1261228779.3689
1261228779.3845
1261228779.4002
1261228779.4158
1261228779.4158
1261228779.4314
1261228779.4470
1261228779.4627
1261228779.4783
1261228779.4783
1261228779.4939
1261228779.5095
1261228779.5252
1261228779.5252
1261228779.5408
1261228779.5564
1261228779.6033
1261228779.6189
1261228779.6345
1261228779.6502
1261228779.6502
1261228779.6658
1261228779.6814
1261228779.6970
1261228779.6970
1261228779.7595
1261228779.7595
1261228779.7752
1261228779.7752
1261228779.7908
1261228779.8064
1261228779.8220
1261228779.8220
1261228779.8377
1261228779.8533
1261228779.9002
1261228779.9002
1261228779.9158
1261228779.9314
1261228779.9470
1261228779.9470
1261228779.9627
1261228779.9783
1261228779.9939
1261228779.9939
1261228780.0095
1261228780.0252
1261228780.0408
1261228780.0408
1261228780.0564
1261228780.0720
1261228780.0877
1261228780.0877
1261228780.1033
1261228780.1189
1261228780.1345
1261228780.1345
1261228780.1658
1261228780.1658
1261228780.1658
1261228780.1814
1261228780.1970
1261228780.2127
1261228780.2127
1261228780.2283
1261228780.2439
1261228780.2595
1261228780.3064
1261228780.3064
1261228780.3220
1261228780.3377
1261228780.3377
1261228780.3533
1261228780.3689
1261228780.3845
1261228780.3845
1261228780.4002
1261228780.4158
1261228780.4627
1261228780.4627
1261228780.4783
1261228780.4939
1261228780.5095
1261228780.5095
1261228780.5252
1261228780.5408
1261228780.5564
1261228780.5564
1261228780.5720
1261228780.5877
1261228780.6033
1261228780.6189
1261228780.6189
1261228780.6345
1261228780.6502
1261228780.6658
1261228780.6658
1261228780.6814
1261228780.6970
1261228780.7439
1261228780.7439
1261228780.7595
1261228780.7752
1261228780.7908
1261228780.7908
1261228780.8064
1261228780.8220
1261228780.8377
1261228780.8377
1261228780.8533
1261228780.8689
1261228780.8845
1261228780.9002
1261228780.9158
1261228780.9158
1261228780.9314
1261228780.9470
1261228780.9627
1261228780.9627
1261228780.9783
1261228780.9939
1261228781.0408
1261228781.0408
1261228781.0564
1261228781.0720
1261228781.0877
1261228781.0877
1261228781.1033
1261228781.1189
1261228781.1345
1261228781.1345
1261228781.1658
1261228781.1658
1261228781.1658
1261228781.1814
1261228781.1970
1261228781.2127
1261228781.2127
1261228781.2283
1261228781.2439
1261228781.2595
1261228781.2595
1261228781.3220
1261228781.3220
1261228781.3377
1261228781.3377
1261228781.3533
1261228781.3689
1261228781.3845
1261228781.3845
1261228781.4002
1261228781.4158
1261228781.4314
1261228781.4470
1261228781.4470
1261228781.4470
1261228781.4627
1261228781.4783
1261228781.4939
1261228781.4939
1261228781.5095
1261228781.5252
1261228781.5408
1261228781.5877
1261228781.5877
1261228781.6033
1261228781.6189
1261228781.6189
1261228781.6345
1261228781.6502
1261228781.6658
1261228781.6658
1261228781.6814
1261228781.6970
1261228781.7439
1261228781.7439
1261228781.7595
1261228781.7752
1261228781.7908
1261228781.7908
1261228781.8064
1261228781.8220
1261228781.8377
1261228781.8377
1261228781.8533
1261228781.8689
1261228781.8845
1261228781.8845
1261228781.9002
1261228781.9158
1261228781.9314
1261228781.9314
1261228781.9470
1261228781.9627
1261228781.9783
1261228782.0252
1261228782.0252
1261228782.0408
1261228782.0564
1261228782.0564
1261228782.0720
1261228782.0877
1261228782.1033
1261228782.1033
1261228782.1189
1261228782.1345
1261228782.1814
1261228782.1814
1261228782.1970
1261228782.2127
1261228782.2283
1261228782.2283
1261228782.2439
1261228782.2595
1261228782.2752
1261228782.2752
1261228782.2908
1261228782.3064
1261228782.3220
1261228782.3220
1261228782.3377
1261228782.3533
1261228782.3689
1261228782.3689
1261228782.3845
1261228782.4002
1261228782.4158
1261228782.4627
1261228782.4627
1261228782.4783
1261228782.4939
1261228782.4939
1261228782.5095
1261228782.5252
1261228782.5408
1261228782.5408
1261228782.5564
1261228782.5720
1261228782.5877
1261228782.5877
1261228782.6033
1261228782.6189
1261228782.6345
1261228782.6345
1261228782.6502
1261228782.6658
1261228782.6814
1261228782.6814
1261228782.6970
1261228782.7595
1261228782.7595
1261228782.7595
1261228782.7752
1261228782.7908
1261228782.8064
1261228782.8064
1261228782.8220
1261228782.8377
1261228782.8533
1261228782.8689
1261228782.8689
1261228782.8845
1261228782.8845
1261228782.9002
1261228782.9158
1261228782.9314
1261228782.9314
1261228782.9470
1261228782.9627
1261228782.9783
1261228783.0252
1261228783.0252
1261228783.0408
1261228783.0564
1261228783.0564
1261228783.0720
1261228783.0877
1261228783.1033
1261228783.1033
1261228783.1189
1261228783.1345
1261228783.1502
1261228783.1658
1261228783.1658
1261228783.1814
1261228783.1970
1261228783.2127
1261228783.2127
1261228783.2283
1261228783.2439
1261228783.2595
1261228783.3064
1261228783.3064
1261228783.3220
1261228783.3377
1261228783.3377
1261228783.3533
1261228783.3689
1261228783.3845
1261228783.3845
1261228783.4001
1261228783.4158
1261228783.4626
1261228783.4626
1261228783.4783
1261228783.4939
1261228783.5095
1261228783.5095
1261228783.5251
1261228783.5408
1261228783.5564
1261228783.5564
1261228783.5720
1261228783.5876
1261228783.6033
1261228783.6033
1261228783.6189
1261228783.6345
1261228783.6501
1261228783.6501
1261228783.6658
1261228783.6814
1261228783.6970
1261228783.7283
1261228783.7283
1261228783.7283
1261228783.7439
1261228783.7595
1261228783.7751
1261228783.7751
1261228783.7908
1261228783.8533
1261228783.8533
1261228783.8689
1261228783.8689
1261228783.8845
1261228783.9001
1261228783.9158
1261228783.9158
1261228783.9314
1261228783.9470
1261228783.9626
1261228783.9626
1261228783.9783
1261228783.9939
1261228784.0095
1261228784.0095
1261228784.0251
1261228784.0408
1261228784.0564
1261228784.1189
1261228784.1345
1261228784.1345
1261228784.1501
1261228784.1658
1261228784.1814
1261228784.1814
1261228784.1970
1261228784.2595
1261228784.2595
1261228784.2595
1261228784.2751
1261228784.2908
1261228784.3064
1261228784.3064
1261228784.3220
1261228784.3376
1261228784.3533
1261228784.3533
1261228784.4158
1261228784.4158
1261228784.4314
1261228784.4314
1261228784.4470
1261228784.4626
1261228784.4783
1261228784.4783
1261228784.4939
1261228784.5095
1261228784.5251
1261228784.5251
1261228784.5408
1261228784.5564
1261228784.5720
1261228784.5720
1261228784.5876
1261228784.6033
1261228784.6189
1261228784.6189
1261228784.6345
1261228784.6970
1261228784.6970
1261228784.6970
1261228784.7126
1261228784.7283
1261228784.7439
1261228784.7439
1261228784.7595
1261228784.7751
1261228784.7908
1261228784.7908
1261228784.8064
1261228784.8220
1261228784.8376
1261228784.8376
1261228784.8533
1261228784.8689
1261228784.8845
1261228784.8845
1261228784.9001
1261228784.9158
1261228784.9314
1261228784.9783
1261228784.9783
1261228784.9939
1261228785.0095
1261228785.0095
1261228785.0251
1261228785.0408
1261228785.0564
1261228785.0564
1261228785.0720
1261228785.0876
1261228785.1033
1261228785.1189
1261228785.1189
1261228785.1345
1261228785.1501
1261228785.1658
1261228785.1658
1261228785.1814
1261228785.1970
1261228785.2126
1261228785.2595
1261228785.2595
1261228785.2751
1261228785.2908
1261228785.2908
1261228785.3064
1261228785.3220
1261228785.3376
1261228785.3376
1261228785.3533
1261228785.3689
1261228785.3845
1261228785.3845
1261228785.4001
1261228785.4158
1261228785.4314
1261228785.4314
1261228785.4470
1261228785.4626
1261228785.4783
1261228785.4783
1261228785.5408
1261228785.5408
1261228785.5564
1261228785.5564
1261228785.5720
1261228785.5876
1261228785.6033
1261228785.6033
1261228785.6189
1261228785.6345
1261228785.6501
1261228785.6658
1261228785.6658
1261228785.6814
1261228785.6814
1261228785.6970
1261228785.7126
1261228785.7283
1261228785.7283
1261228785.7439
1261228785.7595
1261228785.7751
1261228785.7751
1261228785.7908
1261228785.8533
1261228785.8689
1261228785.8845
1261228785.9001
1261228785.9001
1261228785.9158
1261228785.9314
1261228785.9470
1261228785.9939
1261228785.9939
1261228786.0095
1261228786.0251
1261228786.0251
1261228786.0408
1261228786.0564
1261228786.0720
1261228786.0720
1261228786.0876
1261228786.1033
1261228786.1189
1261228786.1345
1261228786.1345
1261228786.1501
1261228786.1658
1261228786.1814
1261228786.1814
1261228786.1970
1261228786.2126
1261228786.2283
1261228786.2283
1261228786.2595
1261228786.2595
1261228786.2751
1261228786.2751
1261228786.2908
1261228786.3064
1261228786.3220
1261228786.3220
1261228786.3376
1261228786.3533
1261228786.4001
1261228786.4001
1261228786.4158
1261228786.4314
1261228786.4470
1261228786.4470
1261228786.4626
1261228786.4783
1261228786.4939
1261228786.4939
1261228786.5095
1261228786.5720
1261228786.5720
1261228786.5720
1261228786.5876
1261228786.6033
1261228786.6189
1261228786.6189
1261228786.6345
1261228786.6501
1261228786.6658
1261228786.6658
1261228786.6814
1261228786.6970
1261228786.7126
1261228786.7126
1261228786.7283
1261228786.7439
1261228786.7595
1261228786.7595
1261228786.7751
1261228786.7908
1261228786.8376
1261228786.8376
1261228786.8533
1261228786.8689
1261228786.8845
1261228786.8845
1261228786.9001
1261228786.9158
1261228786.9314
1261228786.9314
1261228786.9470
1261228786.9626
1261228786.9783
1261228786.9939
1261228787.0095
1261228787.0095
1261228787.0251
1261228787.0408
1261228787.0564
1261228787.0564
1261228787.0720
1261228787.0876
1261228787.1345
1261228787.1345
1261228787.1501
1261228787.1658
1261228787.1814
1261228787.1814
1261228787.1970
1261228787.2126
1261228787.2283
1261228787.2283
1261228787.2595
1261228787.2595
1261228787.2595
1261228787.2751
1261228787.2908
1261228787.3064
1261228787.3064
1261228787.3220
1261228787.3376
1261228787.3533
1261228787.3533
1261228787.4158
1261228787.4158
1261228787.4314
1261228787.4314
1261228787.4470
1261228787.4626
1261228787.4783
1261228787.4783
1261228787.4939
1261228787.5095
1261228787.5251
1261228787.5407
1261228787.5407
1261228787.5407
1261228787.5564
1261228787.5720
1261228787.5876
1261228787.5876
1261228787.6032
1261228787.6189
1261228787.6345
1261228787.6814
1261228787.6814
1261228787.6970
1261228787.7126
1261228787.7126
1261228787.7282
1261228787.7439
1261228787.7595
1261228787.7595
1261228787.7751
1261228787.7907
1261228787.8376
1261228787.8376
1261228787.8532
1261228787.8689
1261228787.8845
1261228787.8845
1261228787.9001
1261228787.9157
1261228787.9314
1261228787.9314
1261228787.9470
1261228787.9626
1261228787.9782
1261228787.9939
1261228787.9939
1261228788.0095
1261228788.0251
1261228788.0407
1261228788.0407
1261228788.0564
1261228788.0720
1261228788.1189
1261228788.1189
1261228788.1345
1261228788.1501
1261228788.1657
1261228788.1657
1261228788.1814
1261228788.1970
1261228788.2126
1261228788.2126
1261228788.2282
1261228788.2439
1261228788.2595
1261228788.2751
1261228788.2907
1261228788.2907
1261228788.3064
1261228788.3220
1261228788.3376
1261228788.3376
1261228788.3532
1261228788.3689
1261228788.4157
1261228788.4157
1261228788.4314
1261228788.4470
1261228788.4626
1261228788.4626
1261228788.4782
1261228788.4939
1261228788.5095
1261228788.5095
1261228788.5251
1261228788.5407
1261228788.5564
1261228788.5720
1261228788.5720
1261228788.5876
1261228788.6032
1261228788.6189
1261228788.6189
1261228788.6345
1261228788.6501
1261228788.6970
1261228788.6970
1261228788.7126
1261228788.7282
1261228788.7439
1261228788.7439
1261228788.7595
1261228788.7751
1261228788.7907
1261228788.7907
1261228788.8064
1261228788.8220
1261228788.8376
1261228788.8376
1261228788.8532
1261228788.8689
1261228788.8845
1261228788.8845
1261228788.9001
1261228788.9157
1261228788.9314
1261228788.9782
1261228788.9782
1261228788.9939
1261228789.0095
1261228789.0095
1261228789.0251
1261228789.0407
1261228789.0564
1261228789.0564
1261228789.0720
1261228789.0876
1261228789.1032
1261228789.1189
1261228789.1345
1261228789.1345
1261228789.1501
1261228789.1657
1261228789.1814
1261228789.1814
1261228789.1970
1261228789.2126
1261228789.2282
1261228789.2439
1261228789.2439
1261228789.2595
1261228789.2595
1261228789.2751
1261228789.2907
1261228789.3064
1261228789.3064
1261228789.3220
1261228789.3376
